$ANSIBLE_VAULT;1.1;AES256
62363835363735313933386239343435393365306234636664303562316163313865643534316638
6665366162303464643631366161336132623565366331640a313162333862613334306463366464
64303732666362346461346231626238653334386233383838366333303130633661396234623233
6261666134396265660a653633613736383338373830363664613965623936393032626264663761
30353537313632366533383932393131383337643962316665636532323437333064313934356335
61626335313462306362303566353238363365393636623433303365316533366430613866616432
30613732383639656536356363306535616437393462646535346134613430303463623738316461
38303563393165643530386138306636386232383861666566323137633530346138373935343038
66383663613939613435383866303935623233323262333461316131373434336539613861343838
31353736356538343261653631303163306236643733323533383764386564363631656366336432
32626339316233303433373637393461333162623766396365363966636330616234623362633766
34326466616330643438333837626461366330613666626537366439376665376334373363373939
35303636386235383963333238363933366165396236353438613163613131326330383733623138
38666135396133353037383162643661656531336233313737343836373864656336356135623166
63303735643231396564626130643738663630633038386262643662616532373633623534366662
64656439393766663938326438633132646636373130353261366566363562383030353236313064
36356130343536613964386631636531306338306163313034656137303438386231653964313332
64386238366664376630323131343433396234356334383536336133613965313164653133306665
37633336303537303535373435356662653033613034653934643731663237643833343437663866
35313466323139613733646534393539353937316663393834626136646263626435323665643066
61383039666262393437366334306438393132633963383837633932303166646533383534656661
38623036636139343536373337336639363030383265663030373233326534313030633938333435
64316236363531366365386466393239343936656430396265616363383665356339336663623739
65653438623232313731333333643566626139613166306565663435613830333233636337636163
66323863396565396234326266373737366535373935623331343535336330363536343533613734
63316466313432393566656238656631373535633536333665323635663763303837383135626437
34663134643764383566656432326362613666333365323066306261623164613039633937366635
38623738316561633762376363356435633263313535363162626637333962313861613135373236
65623430343634396631646134346165373336653337366535316261313164333130633162393932
31626430663430343463343932313962633530363530363532363462343332376665623639313464
36646562396635303337363838303563636262356434363736333431666336333139383730353834
62316431353239323630383135613235346438656563363130663334633336343664626631363532
34666538316534353738636438326163613765356264316662663363346463363534653434646133
37343638326364383635386464376230326332373064616232373538343835323732303365636464
38363337383934366436633032386534363462633633633837363133323463393332626333303836
33353366303833336232343832393836333832343865656131626237373338333063303935383466
61373334393061373261346138636434336630333466623435653431353435623361323234396663
64336538656236303966643766643533373031393864363937323365653064343637663164646536
31346138646235636135633264393363346438333336633536343136613234316231373237303535
66353131336537366230356466393562326530353031643933373839366638306532643338663237
30653936666239386332336265343462393864303231323035396166643334393536626337343635
61343061626530613539633837656231646366633664323634613264346537326662353633333564
66363033613362386333393936646235383032633732353266376432643737386164393834613566
31313539376163626465313032363030633935613932626262666561633430613463363061626461
37316535323363653335383064623933613461326434323261626564363731303361356137653062
62613666366235373562353737656338363264346163383266616231353037366436343066343336
66376135613838383035343633346335636238623864633262653937393862306536343365363862
38616539316630326332626233316630323236336338663736303865306539303162396362343334
35623338623137656338356465313263646262333037336233616165306330386633666536373239
35316362633337623438343030653338366262356130663237386663303666396233386531346665
64393239633430376662323262393336633265393837313332386638336165636634663732623337
36333766626135383031303430316336363266386139633832616432386531656430363162353831
66346665386162393564656334633831303261323131663135306462666139616462336466303363
39656537343335316365333564393931323733303163333333356366646139653437623433626531
39343232313563323936333462306636326334626634386335613364663035313136323039353464
38613338393061663932303132663161323964653933633034626239373038303765313364613561
63363461383235313037373033303062333434333266323533616530333535336334316238336161
33346161653738343833316132356632646666343337613933346634653538363864313761626234
30663731336564356366653939373963306631363631663664313065376339653930343034656535
61353363353335363564666238306265613332336231373665353736303831643330343362613935
38616638386261626132653132616137643263393732323862626532323238636262393133353136
61626139626232383539643265393933623939633132326435653134353637386538353063373236
61333539303534656634646665366430633263633662383038336231343966623138663835663538
39666337353166306335353137366536643462343166366564653935656362646236336561363135
65633432326438333335383261323536633338656332343236343432633963626265636436656463
65616262636165633064633166623038373534623364353639333034333865383863613031373466
64366166393166366635313264376536346535663230383433383066333964383233336266373337
30333231613063313838653565383736353964343139343732366461346636313065643139356461
38316334373666363339663332376233396133643662616635373965626338616461373461386230
63323933303362333139323461623039613331306134636330616132316663633263303066656163
38393038393933356365383633626264346232396530366163666538363261393665373030653233
35666662666566356364376338623335653963396664393137316234366532353166366133386337
32623265613833653631303837326531616135383663353065393766373632396536663562343763
61306561333530653563333834643136316464376430373931333031313239663161313262353739
34613663613537316563333837356333353266633065363663333437396362633266353766616435
36323063666138376235393161613239316163626666383265313131386437646430326235313766
66626161646336393939326631666262383432636536373766336134326433303336633564313734
37393638373433623638353164366137623763616339373864366439656630626461326335393735
66623332306463356239623933633235646563336432633134626365383438633536366337383262
66623539336531373261633333636238623335366365666534636630343364376130306336643361
39333734346166363066353639616632313431643133386534613662363430636162386666346666
39393065653865353465383337366436383434616635373162643837306464306535383731656164
65653433366666383136316434386466303234646633323364616633623034653833306338396465
39343765386230663736396631386161393364633131343836623463386332653962616265306132
65346138356532373733363531313938613862383564616464653433333637653234376239613632
37396361313533376265613862386261363632623330326365373736636234366463633235626337
39613237313234336530383665326538656337656237623963316438373666626361313833363336
35306565396238666161363237386633623034323739326266643166323636313338366139353338
64393235353866373338323966383737336663353433336139386165383166333066653361646261
64633638656139663737373565613836666232646137613233373037353138323334643834396162
32353235366634336263303039663937393037663563363163636433656461366265363665353731
30656234653838313632353366626638323566643934663363633336366437376634623735313331
63336335663333323565383961633335326539343134636635653863313637303265373536623934
63613232353131646166666230633530396637626163633461356265363661396233633936303833
61653763653032663464646333646330366433663735373830633738616436316636646533623233
38343735363565363865333932333830386539343837626635346264626562623330316638613230
65353765323037323836626330383561643735353937393762353635666435386338366261353261
34303466366161356136646662333236326436343331656539366565386566613339363438373533
34616536366534383661326336633835326462366563313835313731306562326666643234343237
35623535623461376261623333613938356264333137313766363932613136613238333838626335
66633238303835343133363531666339393030303966326135343261306139323430343064386263
62373930346433343365373763303636386634666330353531333738653064393634643235386261
63386635303337353063336262613965623661383534326634343730396537626431396338343262
61303535376233656464393261623236353364303265633061663538386266386137306335303361
31353063356262303539613736656432303332666133323136386332656563646432326239373830
62396638633633363932303232363263343038313365396431626435633262373462303261393637
34623833313065396230386364636230613639306362383936376263616166306464353639343831
34373436653565333738326137666339373863646234386365396562356634363564393563343736
33343233623335353736306233313061363564643638623936636362336138396663356563366362
39646431303265373139643463613264636530663664656233633966653865373931313361333862
39613366313931316564383866313831653530313236623466626139376534393836373039626633
33373735656638653164323339383962316662346664623562336465326438333238623465373364
36613266643434346366613464373963316633376363326465363838383735343365393431643331
32626537353430623661626166383930633534623163623262313538393338653734353538613066
31303664333362633665326130333837346338343465316533383431646462336433303435656431
62356633343233303839333461376263633138333032343139376238323636346162663938353135
33313734633333346439656332333438373561306164323833623765303137623534373866643736
35373539323364376134613362393065343765343136396161316331653961333963383833353230
34373438376632656464353036306261663834653538376138386230326134386338643236386262
35303465376237366664353137333832313965636137396131383033636533353630323138306236
34393262366666316239643637363932303839613339363739613334656335373735383839366630
35346635616532646338336536313431613430343765323537323364383830333332343835313637
39626235376531616534323233376335363433366132346135623635623864633865636562666534
64353236386335373330626530633163323565366537626639366634643164663162376536616433
61623836616436353162643731353536613639326233346165356261323838366238643964363333
38303465353030363235313531373038363566376562666165343633343837666665333563353930
62623733333635373932313966386232663730626532333663303462396663396238366237323634
65363239313965653730343432373965623831356562333563666636376433656265333530656161
63313830396239323133383637636363333730653333333534353831333135666464333461656466
39653862643339316132363661653562363561663934643537636330346461623139396334393338
61366564643830366539323432353365613031323230376437306131636637336434633862623332
63356530626539623938646233396431623564656562386336363833393536336465386134663236
61343930623437303334383536636263376339303336333838623137636666366634346439336561
37343335643463333963326435363561336136356563613737633364653839346164366335313936
32613335323835336461346362613762333937353235386465383331366332323862373739346362
64303535623933316234383366316436383330616435363334333531326132303035656239386261
65383866396638623034653534636337356633336662643161376631396435343036303934346332
63653135626661646132356331336466323963313433313166636235336263383939326661663666
65646264333134373137313331643166346630633866626635303033663132356531363839636338
31303032303037356631653864633737623766633638333363323463623666623039666334323634
34306166653732356262646231656164343033353334343933613037663933643365646633343932
33326461663031303366353533343634376430313834643431356365346339383965376334373664
36323335363464633631356235643162346661363631633766623238636561366666616361613438
38306532316333656236303638393966633862306361666265656661363866653464613136636364
63663033616562323939343030616365653363356431666138346664363135303735323064623230
30386331653861663963323039336137343932366566306665333362656636623261616135386266
39633036326232316139323536643339616238326662353232393861646336663833633339636461
37636431313863343866613830303866656435323466623766613937376262353637303961373436
30626162373035636632326438303439653864623861343836303331646431343635393137366334
66333062336236343135663338393431383736383233613230306236376234646339633330396135
39633037373432333762336537656432336438333633356436373736343639663134616634303231
35343063633636316634666565373238626161393264353936306134623963343061633631343434
65336637323037383161383765333237653062616138373138343764376334366531343231643366
35333738336161653033373833373334323535646266356335343038633938333863396636633431
38303934663339396432353937353632613639343632626261333664353263623963666537653130
30633339633437643133313237346336666637633637366437666237653737386663643164396261
30396661376234386237396637633264636230656235346435653638623733623933313434306536
30363562373438306162623037353866656638313135346461613831636430613539656630373237
34306466646435323262323666356331623864333265623931303566313936396332653632653634
31383836316337623566623366643065623430613630383462313834386264663561326162363661
36373630366466333363383166343133303532333664613666373937636366396665363963613963
64653735386635613533623966633561333566363662653030353362373339656535353737356334
62343537653339313038646431616431306666393437316139633136643237396161663539396462
62653637383334656539356336396232336665623538383734356434653138383737333634613831
34386564393033376137343662303735616461626164663666643730313339333930323734346166
35663335646231393232643366383334613166663638663561326436383565393133326431393934
31343965363839653235346530623035313133353037313730333563373033623665613762323663
38323935333033633734646162313437316639343432363563636236623361373363623764623231
66336638333262303765663239613639346636316538303166613531333030323432376334356232
39323535626430303939303836323630393136633965323065613233653364663131373033633662
36656261386434616561616462623063313462633063613733303866613935653266316530373065
37316638373633323139303533656161633861623464383564366132633130316162643836323033
37643935653061376139656164356362633965633731393839333232393862336635656536316431
31316632656339623535303736386434376539663437666539376637653165626362653965653963
65326238653734613635353264656239373362623534306261303862646632363931306435613038
37356531376536613930343337363362313762666338663261396534316366393564653331626633
39313033313138323063383532643033613230653264646338306532653830373331353161353162
63366338353135393434623731323265663263356264653230323530393465643239383332393033
30346531383039393630353065343034343365343864623433323535623263636537646562363530
63343463373363393533663231373061613436626464663037316335393537333537353863353062
61663633643638653731313834306265373263636434626334633033356431336564626261656462
34383965336262386235646539373433636164316264333362353533663766373837373266623138
36303666653630616562313839666437633936663266343464306635383662323461303832643262
36623361393265333231376332343835383262376362643932623137353265626232326561353035
32616631613530383361396364303439363132373531363835663064383538616536343732616361
65623035383462366266613264373431383064353465393862666331613732333239383233363539
34663636636337346439613033346431396135633835663330383534313232663963643139333331
31326539633436366136336365323866346136623237663638393861313635333536653738623362
35313966346134353936313030333361353562306662353064316663613931316433663137303164
36373465646537396636333931303739313961616132303064663136363563303339383936323664
30313366336439646138333835303833366435643030323235313166626336613033363031616364
38396435373563353761306139356664323434663638336562666561353861366463353766646361
35643631666665396464383866663738633730373834363461313332333165343538656130393062
39313963643935666536636537613636363131323963326665363930346633323866383266313236
36643666323866333565336630613938336262326534346331393931356661366238666131623363
34353438393063653835613364613161633235666533643861633832303831333362393338323461
31636235616130353633343330613234393363353765303662383762363334386133663062363866
65303562666533353463353666346630666262356434393463336631643138343233346135316636
34393664383464373763373231373234353565303738363036663563336566376138316137363538
65643962643666316330393838363236396232343733656166396564643336383764393434346131
66666237643633653431363734653465326534393962623866396438323666623331396236353463
33656338353936383236343535363230303265666466663238373663626465373437333331343465
32656161313537373164326235623832383661663761613835623366303836356536326564393361
66626430323437383038336130363935656164363764633534356134303437653633313537373038
32646433393332306461393464636536653466653762643164613461653461653865396537366434
37343736646330363330643264636265336232623364303437623534343135303965393532393332
37383333313632343436323964656431653261386234393362323537333764316166633930393665
36313838353464386231666434373363303161636334373434343566646131376566653437343932
33313465366432363861383135303262303565363237636336316464316161383536333439663631
35306337666233313132663264303238653138336662343732376239373232396266663630366165
37646137613965336665643930323039316262306138343335646530393335343239363633343336
62646632636365613762313139656234353766363566656663646365333135343465646239653738
38313266303564646465663132396438623139613038326336373535343932313333303137386130
38336330623266643530356564616432333430363765643763633665616332626436366165656563
37633666326533633937633366643534376266343633653039396461303937663531323931663035
32626166646338633331303938363033313737326438316266323038376164653432646334666661
64383839663330306461663737313035373735623262653536316232363337373861363863316265
62623764373430613133343665383638663864386432373834646165393732646462656437323062
36623030396666386537613933656366636663383561646239633964376635323934373731656366
36623264323632333936333834663434376631663462336632353530666664643064663534376464
35313638306537626330346432353961386530306665356433343536653035623863376532663736
39366163353930323863356438623862333435316362373433656365356530353464343433353437
35363361663133623664323461656631303439633964636638373861386336323766616633653636
31343839366331376430613263623833306130633764363035356636306565663165633263353466
62666439663433666461613037303933343766353033396337303338616435353561623264333939
32396333303265343965333230643934656633653962313737313365636336313637623330653163
36353362383436343135666361656564343737613137653565643539376536316136616561653634
39373133333966613531333065383334303935646136383139633839363161363437343232366532
30633533323131363431643161313339656334333135653661313039653539393264356463666636
39373534656563663834333235666234393135363632623937383237623766356237383061633966
66613365343965656233353264643932646234623232303937336530636163306330653861346238
33313265653963306365303461343561653636356566666261396466336530663161373332626661
38363966643466356134376132623361626166366565616238646564656638663630373966633961
63383632663938333962376630393138626235613762656139333930656262373164626638396435
61386531383366376633326266366237636233336432636361333632636133343937326366303136
30313737663066393361366361336438366565343336646636663937383233343636306363363137
61313966643964373530313836386663373539343931643633616235333265373766396132623662
37623233383265613666366632633136366339336132646665306635613438666332373135323562
36373761383138633166393166383839316566346133363838356466316534633561356161326637
38303966323632336330393364356530353833383561353335343539636466313039623338633761
36643165646333303539303232633330343832343535316232663866306634653833313536373630
62373334643235313739633662356166353938623636663036613434386661396136623033333930
36333562376134653964333438623939643764333162636165663135306662663037356332346161
31353239323233363234323430386363636461313466386530633231313836393035653631393864
31323461623062373065343134643739393565613331303438646630303162363931653266666533
62373963623937373339636538343862306234333361623664636265313165383361356236323864
65386563386264376533653264386639646332616134316139646266306633313931656534383531
38383239343637303930663931373363653038656261623632656235343231396534643566306432
62323633616461353265363237393038646632376430343132303838376336383962313566323530
38343830393333316164623266383334356462643661386331633263396331643438303936616531
36626134633863663161353364663435396637326465363234363134666536303464343931333061
30313335363234343930393233336163303463386632656239643837303537396430353334623935
34626332356432393066376530366566393133346562656539343264626139623134666231653236
66636533383730313239326237356532353465633161383161363136643935386436363338303561
32336231646437376564363763336665313464303834383730636462323230343430663861636263
62663734633131323930656133376232313066343663306639633332353835373533663761656331
64643637373630343563306434313263366135316238633138633632303232613830393730616431
34396635356666643938346364633737623839303363393964306263343663353364303339353038
66333334633863333264363363616263363734336336333837356630646435636431393337613936
36306437636339386432343437643464343339333137663766323230386338633736643835633764
62373035343063376365306366356463633232383336373565373264626634323232653538326638
61666332303062343735616634313766386237653866616166323965393266666339393039663266
34373432336463326262393330633563313331613263373665646136373132303931346664303731
64303163633133643265376231393263353431306438626463663866613938303431353366393533
64336236386632303031653331663162326236353264643563323034333965653936
