$ANSIBLE_VAULT;1.1;AES256
31373336303534653438663539356536343932313764643164343932313836363234393839626535
6333656164643636643339366638346333383638346633610a643638393662343034643231633839
35643234396234333161653638383264623131656364643137386430626565373466323362376532
6163363063343533300a393264306234356433626461326233616531376463656162336238333036
30393732346639386137613735633734316432663033646262313137316230306165666163663136
33336233656164343135316533343665306633616566326131323232323438633734626236363765
34666132623865306561616436386664623939626234346431633630396565363130623531633533
35646332323131373137313334326232353266313336623566643862326539623863323631343433
35393364323035326462626463626338393831363433376161613362373663323366323535363031
30643834373632393439366538613562363162353063343363396465366233383935346231623766
65366261666662636564363266333432613536373230363431376261636161316431663937316162
31303762653032373836393462313032343563646238326531383261306339656564316261666533
62616136343763343730663661616265643238373130363265396132396361393037623933383939
32383964366632623862636261623563383030656530663232643536663336316131336266323361
64653838653564656666373531376339326131666432386666663237373764623763306230643737
32376234353437343135393764663332346663343436323965383631336538336563613830366238
36383166363635323364333830383231653139663565323432613439343837363031356539653665
39346637366362313237383637633364383230306238663839306665313331366266663738633462
35616565376336376465306631633061353961306131343630356161316562626366376466396162
31316465393135303032346361396536656135346137313933323035363334306164386133363463
65323032646561373532623138343837313265323962396266616533303064333862346232623135
39356534336661333033613838636564623966373763613134356335633139356335333837626539
66646431306365653932386235613630386238613766306135343763616666333064303736373736
38373861363664643939623332663635636465313734623533306261353063366263346163353239
36363432346132643335363239343664396534303532653934623936336531373938363037353535
65616133623230626634613530393539616564323638303239623537323532626339376461336166
61623237626538646134363533363437613936303361366132656436336465313836663630353533
37643762333965616231363133646435636261643164366230366131623364663738383536303164
37316539663631373838386561633339356562333938663265323931336436326361616639363639
66613136303733623834326262346131333838663830646532373161633631663932336135333766
63323164396235346665633632643134653763613930393937333739636136663964613936393131
35306466376438666465636161376436323862653061656162323465653330326539646535326636
61616263643662656131363332343133613233343666393530353962363034653664333962333263
65363163333664313530383966346363336437316536396534343635386236643234656263386664
38636336353630616164646130323836623136653163643063356365383133313363383465356130
62633864303864636436343330613135623762376638643033396364316461653636623237336638
39383662666638343462346436383261666463623738323533663163393132643366363435303432
66626666323537333638613230323033663534366137393966643266343462653432373636646462
37323565306263303763323235353434656666303535663338626434633639313937313265356436
33636638343330366436363463363738643561616135623964393661383064383434313036343737
61393939376537386536336666323935353032303939306463343230633365306162633530646132
63663866316135333738633264363932633531333632373237313637306261626663313763323062
32636630356436306138333939643762306661366331313663633131626337653564663334373338
31356636313034326664383931393966643762626162306538396561626562306266306533643165
65363032396461386165376565306365346232313962343934306137613362643461323065383265
37316633663562386437323437663834666539393162346339376565316538656137616434663235
66663464363037636262646530656233363735383361336533386232653961363733366463663138
31343934623664613936333864306230306234613139353139333031616630303031393637303961
61363936616436323163633065633830383432353137326338656237666338663866346563616636
63303235353630636331393066383562653861303938663564653337376564356263396434306134
63636133646232663734336532666635353631336562373062366530393736663436303461623462
37623732336366313361643730393934393736346130633630376335353166633663353066616564
38326234666634393435306535303164613964396531356531623863616364326266353566323166
65623534656234653632663662383232663065393933356363653230356338313866376266326166
35646331336439343539373761613735396466613733303361663062323839646437396533653331
63396563656431313764306330356537643534316335393238636166396132646630623938353538
30396166333232653062336263303638643765383632653132346430656261306563383033373730
30653966623737326136313538393634303832383066346136386261313435383131663436623362
30623437353434333833353535326434346264653637366564376632313836613865303737303231
38616339313731353330653865393538633664326236383632353930313332613731326434393938
63303535663436643661653737356561313166386539633132623236313064636535323661393763
63383830326465333233383434346633626563666664396535623835333835623839623366353338
38363631656532336134653661356432323731383938623362316462643434336261653437613031
34353466363630613939373165643135373031373038613630376430633332336338353065306362
62383234396664303232333838383832333434333438636530313337386230633032326634303636
65363933393938663266303964626561333165393165363738663430303235396331623162643433
65653134373462653132326466646631633365373736313764366665336163333964613961623061
62313431383632356635363764616431373835653962313737306531663030363333623466376534
37613835343630333465623062626564356132363130613565386461383336636465613334623833
31316165383733626663643137346531383830353565393232313837666231306231313736336265
62393038383963336435666263356138343539666365336637663339663735393261316338323735
34636563306334646633643261323061386566386665643864656330306632346661396566613239
61353864613039643531393164626566343465343366626562386638613638663461643933343533
62376661346236326366376132636538353537313364346662316630363639313462383930383264
39346134663563316263636637353533616161333132336430303865373466643066336133363332
65363338616638663634306261633332346438303335333033643762313462303330623732653162
33316138616565303038313362356238616537613261663239373634303835336464363163666638
35663332343961323365323035333234663836313032656563656439666365613037303939366664
37373833316163376537396539616238346532343130366161633136363438653433353262346262
64363364366238643531353263623261333266333135303537323134373061613133666437643861
65306235653738663536363463316163646334343336326432653732323530666232303431623265
33663833336463386564623935306464353835393763656534653330616633643037643034313665
65663635386639393633343435356533313261383963316638393331346436646634613961623236
36383035613131326437366435313965353166653931636263643563343834333265303264623364
35376532353330643336323335303563613437306637333861383335646530643538393635616338
38373061306361303239613535366132323735663233336465366636356431313339626237656438
30393534663263663061633532356331613339633166636432323162633435643662656631366138
64396336386363313363323733613832386264303538663761376334303963616138616430643236
62633565323263323131356239313130646130666662666163376363323435393632353638353865
38356364336232616230633436323836383938613537323966316462653332663761663234303033
36653433656263656137623731646365386262623435343233303963666133326437336134623464
33656366336233303439356134386139373362666339623965303431636366346131643232366338
65333330396239396561343632343362346634366131353963653230353934616530643135653165
35646137626237666661346135346539306535376137346334393365643861656166303863363463
34323439333233353139343035626337316566303933356564386534633364303039643336656236
37373863393264393862333166396666326233636264353266326432623131313139326361613636
34386165333364333366313931313031333733663531363735353334373435626134616334613432
63356536386663306664613935306633313338363934303733383731646563383031613564316334
65646566366135326435613430656233643830663065613636383161333864613130386130366464
33323766663030666266343438643565386339623634376635336332353938656365366435633338
34366234376562336335346535313963373539366539613933663130626636393164326430353533
65386165343035333166623938396333393163386164636666663038646164623335663466653064
38333132346538386332396539356139326166343539353336303362353730666631326661386430
65316635633162663161363538653264396430356663653839633363333565633563386235663633
35633165326463356463393330313736353963643639313337623131663235396563373235303164
30656536306365386262383062323635653039643732343462636238326332316233336262323733
35383432636136383066353564623835316263333232333464633231336166346661393030343833
38333731666663656665393133653434333161643535376261656133393237383035666436633436
37653936336663663138386363643136646665383134656131316335353132646265373736353539
61376132383536346666613564373732383261316431383335306264303966616662633132333465
33643763373638643364363338396631666664333666636634393265393836386131306437346335
32316431653634343565326163633532346530333530303465616263656565646433313439616561
63343863666430346238323932323334313634366638613239386634386131393365383835323961
32383962323061363935333032353363366630613237313034393335313837626530633333653063
66663639333830383830653761333230663435353261656332383432303935643936623230626563
63623039623938323731663637623238663866643530626435393966653566393134633832323437
38326661383661626465326435303735643361376134393532313837383036643865623365303239
30356333633336353933623236623336646534393636616262656237343232336437316537376566
37363135323432646263613535316537316137393834666435306433363130323330393830663065
32313432353961653863333366376437333366323635313664643030313431303333373163656333
63376237633166373038356164366465303239333766623365383764616537366231316264323735
34333437626631323634626163313465613761346534633438303732636530626564326433346361
33316431333636623233653434636335383733316163366332626163353330356535663664663934
30653062343365343533376336633165643831626233373135383137316139346132616135383236
66643630363231343063666439343339653030653435323664333334393365333431386537303130
36626232376136363034333238386264326265376539363661643834313264343162626464656330
35313030323430666366396137643331653433313232616463313761373034616530373337303537
65373562393862633839303365616531356463303133313733363661353866346438373637656432
65653263636539363838636661393133373435333465303739643437333330386162616435646362
65306236336231336334363762326530386636306266366237306438346539353835333565343336
66303766653366313534383636393535663835653335323232313432666364646133643637346262
64616265393631653531346135383138363730333463333531343136383865386261373237666332
37623139366631363236623336316263646337316338633634633361356637666133383666633932
30323665616637396334663663333033633831633837383037666331306634616364326161393064
65646565303165343534383334373933313335323665386531383137623030396537353366333862
35373061353364643333333761616531373733633464306430393236343439653465666533356331
31623962656565383637383463336434313934333030346163326265316236353663373937333139
32363835366138383962653538316239313332373431386531663665373036373639333662663334
37356366336335396138633734313838393064323639393034653931663137303363663966353830
32386237663033616365333439333034313064616465323031636430343830653862313130376630
31366562306364376432633431343039636635356639303137333264363932613661613365383437
37623938616136333630613037396266306436623232643064656563336433363435386161323764
64653933663730383439366434326666626430643264343131306331373866633533663965356330
64393938306366376162396262636533353434623561343339623566636561653931616635373231
37316335396632303066616634303262383962316566373265393763323565356233
