$ANSIBLE_VAULT;1.1;AES256
34353262393464316337653233313264623436323332653035636461336262366130333137666638
6466643931636639366637336334613964323365666434620a633234366464626435323563383131
62646533346432663635663765313735343538376665306437346532613762396536386235366463
3864303166373063360a356437303538393939613734646463336431386131653032623332646531
38616139393163646537653236666161303566663764366563663161333635363866326435656636
62326235313466643334306430636462316537353366316634613862643736653338353364333230
33626363646162663063366134613936653236313961303666633734333438313365393032616238
35653139386262333361393435356163336335326634653933373264373937396339326631613537
34653637323230666238366337613431633762396138643936323931636535336334303238653332
34616434353332663633393339363032383030393630333133646164646361663462386465623963
30373138643861396536653736323734396163646632383665333566643461316636613233626666
39636433356237363832313662323161333934383366363361643133613634663637313930393362
35396439326662376132323830613736616631646666636666333665613035653739363237363166
36666465623339626162343961663631653935366166356232373530643335383439356263653766
38323831333536373363653332333732383039353164323133346637353237326431393532353035
36653737656462633461623563373466646663623832666238393636363362623836663863313062
38336635376333316239393533333061646339636130303130653762663463373336313636343730
61346663366636363831333935643838313765346664653761646462653465376538353039663135
37356638303936636363366336353132343732383234623262316566396664306132343365373664
37326161653535653339303133326234643365303831666630386363323535666264646238663333
64323135363839386364306566363364393264356636306232653763323361336665323237366463
30643430336435353834323532623565613432613362616262306335313234303361306466656135
65316234313735643132343739633464323736323031343934333139373263366430373034656537
65663335303766303266393530303261393962633866633735656665663734663737366139323134
34616165653964366561306566313266373730396237366632613736343930643530643438326561
34333733623566366437363539626462333064306162653865646439663338393164626532376539
33303736393439616331303634363133303163306330303465656166393162383062363431343363
62643536343139646162643036323533323562346331636461356537353866343634303163643931
31393631363231343436643039303237333133333936343535313932626163346131336562613065
33323465383662636638616235396338613734363562353839383833363236346136636134623334
32386138373035343066333030613165333734333630343531373061653935336363376331376431
32386161306166636331653563356638343864373638343838346362633739333335316566636266
32333433333264303635333964653333616239656331363065636531623666333630393138363139
32643463356636356539636165653533353734373937353364373465386431626536393032643235
35373034663862336661646666333037663933373037366561336639346536373930316164376435
30333235393837333532356231346432333566616139313565336364643666636232306234333030
37323234323932616235643431633736363131326438393631386532623062643531396563626330
33326665313563613566353135386165393464633334636334386664366165646338326666326334
65663565343262616338623565663131306332386530363333386238653835633961363662323334
35316335383834633134646235373965626566656561363530373638646334646362386239666333
34363661653138633235333733333236376363333164616330393530356161396138376163663565
32363535313039363161346638373732396466653065306663393965383364376438623734616663
30353331623236326265623837656237613862663839326538323730306463616634636235323338
66396535316236396338393466376432316263663139663336653939333235323035663032363730
32646530366363366431316334303233623364373263326230353739383965663663616565376537
65313237653863386132666461373662303631393038656363396138373733396530313766343565
37323566636165636533323430663431383638363365656437326232326330366339376366323566
31373735646532383438386232393163663732356439346461646533363634323464653461636537
32366331643634336234613761623437613530336566633066313565653163383739623036313164
38306436666463633835376531336538626434636165373937653534366239666661636361353463
38396462373332323930636634626233353566306430333965663634373565336231346661653264
62366639393763666561323133646261636165323334643563396335363462633636386631666333
61386364363738333939643433373264366131616364336362626163653964616132336134326662
61613232313735656535316362646263663134613863313338613530323665346166306665306361
35663236666336303735383163623639396437326161356332363830633161653465643536393235
62386539343263353236626462396666373262666465376365396565373032343763383663333430
65373363376138653136653531366239653836656661333635383637656632316163356337323431
63373465653266633036383237636134306364663230656462653466356366303761633230333066
37363432333634633632323835303434646132643337396632376533316132316264333362333431
37623561363066363166393037633133363036333266306533383663386131373063313064336637
32343232633330393236343665653637653437386533623335633033346364643063393562616264
64353766663962393532373538306465636264333361396430346465356239393264323161663766
33366263303761643734393330363664336466613566356162363037333737356365313266373633
63393262663835383561613537653630343137386565343737656631643162373933396264373561
65613062303561383336343465373262666164356661333538623736386164316638393930663133
66343133623733303062356238363762316462303536383065636664393566646366623665656436
62396338303563323330356430373838316664626564633565333831663965356435663664383566
34636434653061373933363264656238363438326465306665366236333234393963326463383338
64663164633563643565303333376465643535313837303639393436623537323730313837326336
64333937366633386439316637303430376136313534333062653937633531313038343736633132
32613862656537636264633531636434383238376633376162386334653861313130636332663237
62383539633237633730303461633337616335623463306363313436353835313835356466653831
30313936313430626535323462656334316637376264346234373930336330353661316462363237
65366432663863343832323031666463386266306133666630393064313439383537366630613436
34633461363963663234656364646166313366356361323464396561613836313265356163376235
30396330373939646361613033623531626437626138366139353066613863306233643965383437
36303732646265643562396236613334313735666635323737316139663639363937333162633261
39386366653030316231643635383037643637396133306564613732616134616266383463356239
38373537363539666431323035363264356537623661333862626533653939653333633639646136
36646666663639363964303363343735363937643862663739666133643930396139353764626130
34663066616638346533393333336665313536616262353138373033306439643432646262386137
37306432656465646631336137616266383332633035633334333865303562653364373532323962
62653335646662353366633639623237656566653933306265393364666637353631353730313237
37363161313537333039333565613066363734346230396561306237616436616136316432626663
64343033383966353434386238633461326437663066303135343163346339363632313232636531
62623166366330666236323564643561633531376631343136373034383365643530663232363639
30396336666539323863333736636332386337633533396136386631663535373961656336663735
36353633313562356333613765663539376361633030616634616162613365626430393166336136
66663237343632663662376539353063336530356537353961393930396666356238363665326364
62383534383330663962613661613730393932386330303065383366303939313535333338303931
35373931323962376338353835366163623733626538303835376434343937636337396564613631
39323965303365643130383465323230343964303661623137356566383832373433356565313934
64353166646636336437363233653436363962356165303762666162663332303463613061323462
62623832613238313164363931666139623533633834656434613861616136643236633238343630
39363033356232656462636436393131666632646136386637306566313263633335623332366237
62396163323430633461666631353136376337366565366530316364613430616239373232663536
35633766373337303236646132343733653538383262313537663765653764356233306366353036
30313737666334643763653463316238633566313564326237303535323236393432656331643664
32343638353439363735323063626232373939336663333330343630613434636631346538313238
32333037366431343764623935346636653635316236383663343664333839366564373130616164
65613836653338333732633066613632303664376233306430363065336138316236346236303065
65616638343334376639616633636339353566363963383737383164366337393539633161656262
35333036336334636430353631643566306263623365613733356336646230636336646461373533
63643566386538376237613365636364663265316166643834343065376239656363373761303961
38623966643636633362333063363434643336656566663030666137383837363764643531396266
31643230376634366337616464393033363636373134376439623338326337336232303238323261
30303839643830636230343939343038346238613436376230343266646231356336613039616430
39623739373561623363336365383366366334626536626536346134333035616363663738326361
64373835323233363537386565393735663436333066306335316561323166323762626462316438
66393733396534373964663765363039396564343230393339656431643931663365366433646438
63636533396237333734316533643939666133366361643761633537303363353161666264643035
32343637303330643134336530653664663335306537313533653930376662356261383736356636
33646663343733663232326631386663373233343334366361346132383639393336356363386266
66383739303530346361616431313366373265303934616338356338636331393532646462313033
30373632623938323832313663303261383135613133616334376561316339383365666133326430
65396434663264633364613564313965373230396437306131356139303965643637323762373633
36616232333633653438646431616461383131616539633434356264616230616230663734623439
62323834303236393538613362356465646438306433393765643236346534666661646338316662
35346337316238353737653761623930323231366130313433333166333063616633613835366664
61663832346163653137333730636462636431383165306539643535633064633039353761336332
36353437326330643939323064623166313963633634323363613235326235336638356634316234
32633537633631313037653265343335653963306163373766333234396636316664323731613263
38653835653530373234303936376330326162636239343966363166333261653863373566643938
36656365616661373532326530653064616163336563633464383830663330363330643337343733
36356661653665633736303266396435343961313535363832666365663261353331316331653733
63613634623430316638373264366236343462376162613837326637393037643336343135336234
64303366353862613434333439656637326339666365613836303338633963386436623932306564
37396138393764323138343537663461303535363666316264366636313339386130616235393732
39616238366466656166626233636665326638363863393864363161613032363533663833323366
35653236353938366362366666383162623166383730306165346463323130663263363865343733
66346564616366313965623966633161396538343133626439623034366430373837353763646161
33316162316133363063393739623662376163303930386263643739373131666134376666303537
39313834373837353063363064653636396436303830373866313439393633653332343034653431
63333662353833303562653738633833636161333865613832303937616466623434663232396265
64333965303130303035663734656462356639656632613561316463613166333130313536636331
32366238623733366461626432343831313836633161616434376336666365363730336639323462
63313234363131323832623463373834663565383536323130333830363031353330333234396336
39343531656237666534353363643364336131366333393862316332333562313834396535633836
62373736333432343162373434386436376131623135666136353732366663656434316565363230
66653235363932636337316331643535306332346362323835383037343137376139643535346530
65323465353836613335656263313831313035643533663034643361643535336338313962313564
66643838363939383566313932636538396131316561663764356236336334323537393161646531
39623964343439663866393636313966333961663233376238623236313233353138363636656330
37643066653764643839316231303865616532653862373963383836633638323039366566323765
66653561636661616138306431386430393834313133336262383330316139336461356634643861
31373765346635343364663539306461383163356161393863396464643731383733386438633831
30666330393066666464353235313530663533363535616631626330396538393537633666343835
38633862343636313937616261333435613732613739363132386233326666656465356531313632
62356335653630623462316237663162323539626561663565333138386564643830326665363564
64366139303538313238386161356136393164616131393433346461666236326534616565656436
38613136616163373933333163386666623561636262626532326566613337333135306236333864
65326533633364393361333534376633386132633134316637643635326264363166663663353537
37663734623833343038336365643030343166393466333638316462643865336662653266626638
64346138633931363634353430633031373334303935393434323538366538333963343930653033
33313435616638323133663334386534376535333532653437656462623961323733653938663266
37356565396333323732656333643039316431623537636135376538353063303036323964616239
66366132323539353166386263323066383934366133633836613966663263636630616238656630
65343536303239316462386665373739303664363639373534613566306533313464373364383364
34366561363461636233656465346137303737313963346462323363396137386130356138323132
61646233633038653135336230306238323861363939373965313563373038656330316537626463
39396437616665313466643765623763363561666366663137356231393837613430633436343165
62383835636265653839643965656166663562333166306363663835303439646438393161313934
32613530343337396238646232363337616365656632383535336236373265653636373738333137
66313838393836316138643766353136393866646462326233303638313132663930626562373562
62306337383663633437666131653761323166316632333831316434666262353734653537663065
35313739306539643165333133613637373737356161396166303134633537646234663930653438
66343439393237656164616164316435643461656663376530616161323632656165646433336231
66613735306261656534613165363336666565336664326338363164636630333532383166623332
30396130616636303435303933626461366237656237333061316661313933636636366532653630
32643430646237636464663334353836386531323066616231323537656561326463376265363339
36663631626432393538646262633762623463613164306335343231306530613631653166356162
65653431646466356637363461303037396235316664333135356266333932306534636530323632
36616636323738336566363237616230303331626235643833323732613531626537626164386566
36626336336339386338376630333736653861633864373239663734373038316136633261336662
39386366303832663430613366626130363136373532326332306531643865383263626362383865
64616331383363363532356635343863363565373761366535373437643830353762373434613131
35313165343364646565626239313663656433383631653662643265663430626663373836616130
65306431363137663965383265343962383061343436383135666334363035333039333637626533
34643161383438306435356635623765663164393765303430656636646334353263643839333963
65653230643166306334313938343037303264393734656666653464623135303937316164616265
37333963316630353434653562613431333464323762346439353238636164353832346165333534
61656263346466393637303764346563343336656661333662373363666636626530623732393433
64336239393666306234343732313832333838653863613132323839336530626663326232316535
38396534623830633537316432366566366633323934346533656436623761386264323235643634
36303163303265616336623537313739616539303666623163383634313234333438616239643338
66383131633132306336666430623732383631653133366232363636663163343637396165373362
35613563613162666162316137646563646163373830633539323238313763383930653834366364
66366666363331653931653166326430633865313834616566346233346336653535303835393135
61613164323831326566363430613465333332386632383939353864656434656131663238373637
62343637343865616431333637383462613931356130363163653337366135353732383262366633
30666635663733353437376262646533356466653935366264313565343838303737313734663165
66353733373738643335643832333537346131336365633436326163363131366236626234323539
63656161653862333533363632353165343962666530653734643562666234626233643163383332
33656230646131636531343665353562343139623232366533326261323137616330316530326430
66396238613164633838323964633261313330653061376332333031613135356665343761363038
30343464303961363532623231363933306266343739303563343431336236396434383363373266
35316362393730666462306162323465343530346637643233313636646662346162303138653337
38383830363630633130666431363962656633363032356163336465626431356133666138333639
65643864326331633432313131656339353039363838643438626330303830623539396333663739
65343937323931333661386337306538636133373236653532306633356230383864353563653935
64326338386662343465353336613639313963353164326138353765633962306161353739356534
30636630643361656634666135333438396236366665323065323137636432633164373433643865
38653439396165646465366462356565383939353462363462306134366666616563363664313339
39353538303362643636383531316565653265316230326563626266373337636365643361396233
34353032613562613334636461366266373363323836363237356262643062363237623233633530
30653165363437613933633533363261343330643365646165376263633064366533653464333563
38313165393232616336663631386437386439363435303662303565626632666433626335623339
61303765623766343831333362323134363837376133633231356564633230656364656339316136
63326139643034346535333838373562663434383463653832393064643066386561346433616538
30313764386465663337313566323963613663663139333832623230623030323436343336643239
62353561646237623437333265303364663264303637366531323734333034643563653238613263
39613037353766613664343030373964653866363539323634663832623065333061383063376365
3866
