$ANSIBLE_VAULT;1.1;AES256
39366631336435633765323532393262613463353534636537653138616430643363333230366535
3966383466636262663066613338653231313630656238330a376262623732353432643632656562
62393566623666613730333833383462346430643563626631383735373031336661616261633261
3135633136613161300a623432346436396333636131663263323866373638613938363061353634
30396633336662643437633664353430613532396632393838666665643062313933663566303335
37313661306566373464656262326264643337303733613561383332653432303636616163313062
33363639643434626533383934386336633335303763323230346233646464346330383164633034
30656232396364303865623932646662633266313164616264356630613766373036306264363063
62326662653365663638666636343266386237376661663431323634393637323531336230316163
30643561646531663038393138613530326234336532326134666339393037326530663264623630
36643264633862666330333331393664393430306138386532383332353964636235633964633337
39643563653435333237393635353036623166666330363261353066346334653163303534393935
34643136376366666532616561633838666330626339396339386132646531316262336637626136
34663333383038653465306164393634646331643139393131346466616264363864333639396431
61386463323538636264356563663937366236626335623733393035396362326139626664346561
36373436343865633239333432353433656531643033363633623239323062323561636532656538
32383738336166636664373735633031343266323037373239653437373664383631363231313665
35373138656339323930323735636335633933363935366631303532383933323134643763336532
65656464633936353630393637636339363931306364326435376439383136623937663235663561
37613066633237663834343439343834633738303631313362613564303837396161343631663464
37396161353337306135383762663765323764326536656362616338396561313936343964623262
64343938613039663261346164623533616564333936356439313538326432633234633936333963
35306563303933343839653264666165356263633438663163376337353631303233646666313933
64386235383866373534346530626266323761313965623864323830616136646666643539303166
37663166636132653661323238623033613234363435356463393739323733643537313162376364
62306365313066306662343830383930666535386535353962663130653766656438343430333863
62303064323064373932323035613361303336396665613463326339303863626539343962623133
61303939623031633835613039656538386431393330646131663137333266363239613262376662
39303933666332366337643466386239663735313466616635326236313931376638333634373565
62616133333732353539356638653439626561303635366537306266393033643632383430636138
30396238366637363665646234666166333163393666653463363563313737643930333531623463
65663138656165636137363034323739303365356631313338636462326136346435336235636637
64383031643132323438326530393435313061393736396661656330663435383465323564636463
33353536353763383735666538353431626462323339353137396333633837613162353235643130
66643135626336393536326430316539663838613131393930633938633665616235333731663536
61373766623665626336653938313233386339386663343262353030376136316335393035383139
32323839393434366166656530343061343139366465656339376436386237343963653436366337
62646462386433353337613230393662366332313934613464306534376366636434353761643536
35343933373263623663623031333439366430633261336461386330633330353836653330383330
61336336306233376433663663626464393638366231633133333833366161373863643863613736
35373162633637646230616330353162626133306231613136393636303731333039393935633830
30373135653538346430393264386234373764646335343133363536363439646563353739363738
38633030653830353937336136393763653031393165633835313138613337663839373264616238
66343862336363393432666563666330376231316137376234396661313730323333323438383539
61636166386531343931623834613161626333613366363538373434333431323561393464643434
65373032643062356562646133383838353666343235646466323838306330323063613032353962
39313231326538366437376430646331643234653037386163393763343534653064363830613863
36366236383030393565366130313162323635343332323338643163643133356438633733383836
65656563336365613330306333633135373166336636306437353663643933656165343737633463
34386539646666663266303833386635353132343761366365373630366562643361623866663763
34336435623262336464643764393266306462313466343663393438653231376638613161653261
37626335656161336134393564623864306366306266633739373265326236623437383064653663
38613435303037323131323664353636353864656631316462336264323362376136646439373436
66613038346136666439373839663231633935363739313833666562396431366436326131376238
38643439323031376364353231323435306238396336633234633662346432346636633431623264
62323563363130313137623739373362666561313133313838323031613334656232633531313064
65356438393035373731313433663538623332303661613132653433646133663462383230363531
32333163623462653637663664393665343130636666396662623136623362326661663330653962
30333061613938666530636665383163313532656537343561666463383038633466626331353166
65633839323861653064666535633634376133353732316238396361653135613761336238616664
66663366643437316230353963633765336663353563633435313837663830373835643234656136
62373535383132373734343839393336303338303332383335316534343730313665336636336530
61336636336434626564653466356539393234346464303063313538393161363535386365363230
35643662393738653932396332343137343162656437376532366463366432346236616662353830
66306563313864366466333834653132643032636237636466616333396262643633316461373661
33383362323234366331623839386436613766656164626231363863313235323837626635613065
36376166636636373339396230656436633837343863393936356530363537623030666366663439
61336138313435623432373738633731363534626530376431363432386166373433626434383735
65383965623237343134373562373032306266313264363864633162633236633532633238333464
34663536656231393462653736626365623162373636303762663839666137646565366137633062
35636665343763666539633431643364333364636335323131663662333365393434636531343030
39326333373230663432343432353433623863393938313937653763643432346336643033373061
39616661336536366536363833313438323633346533303133643035313765616434343764306632
61363131343464393633353463346134326439643331363063633934353330666434653731333439
39333834623766316332323066333436663661386631626261623763646266393938623963666664
32656432393161373065313533306437393763386337316632333332663937646437346138356330
34656665396563393833353333346133303366363639316434353863643061646163613531666233
61666636626565656337343433333664343238376136666531613434663861363636313465386431
64643130623634313932393561643263326634656365656266633865396166346633393336363761
32646636383539653932306330323634333962393462643963333761383862393239356635303664
39653030373661333934653239373364353664393633623062336230636535356532616431326230
63336566366663313736366539616263663038363234303534653535653933343833616434376261
61373661633434323933653566306238616337376632373734623236666435386336303666316565
38316164336638333564393934333661313331643934653136636462316437323861386365353836
36386661323338643935383666353234306235633430626638383861323737643138633065326232
35643432656566393961343865633332383465396636383137663163376330616266643437663338
33643364326664303033376639636137623237373766316334373035323665333964366331623530
64363863663534643430313430326365393634366432333565303630306235373363353435666264
35326263636635313636383965616663343961313330313262353166316461373166346362646230
32303862343136336162316535333639393863366431323939333263393735373837386361396238
64633331353563653831336563343231636235393236326562346438343865323366393066346235
64323038386233646435316165623266303932636533666232313238613037336561326434653633
35386536383366373631356666663561613662643235646535656462306339643565646335633439
39383935633861613334373234393664616566326330663762393966623165353938383038333334
66303265663738306462653032643830646235663137383733353437333439383336616535303230
30396165376262646464633336353135323139383362613165643435653834623330633464663235
36333162623364326362316631633238643032336264663139393730336136396162636265316562
61393039303937636439393365393738313134366437363264353736623661613636646165333962
30303633633238393135363634396335623564396562316131396136303264353866326436663932
37666537303938653235333734616664306566653131386361623138383161656233656462616431
32376364343365363733313036613236646365373461363937616439356436323161346163353335
65393033316332616161633439336263353362653931616634396138386138303032623264373539
32393833613366613433393463343762626162313764636566323739616538303565316132303236
31363963623731303232663236353433373637383633306238363836383965373635363761653531
63646436316233613734616639626332613937386632356534393661626630343637633634386438
63356262636230623030643439386337376131343337356461383630343230643139393934623130
63346163653231313030303233336536386265623265343564373430393233633039326364393336
36373030623038363633633331303234356662633731383434313563326332313265306365333261
30353632653437306538633034623163303136323966346533356637356662346366613063356566
39323735393336323234613666356666346638383161326235636362613636613037356535323939
30313933363965333062653032653461653137653037626664616265623133323464373035663263
38666338663030313732316232393666346562646536633539623461636137303561303063663933
39366432323236303035326162666339333933336530396663316366343032393032373232333161
36613930333065376465633934353738316532303162663236346136366639636231623464626434
37636261326632343432323837373461336431646133353365616431336564326663373565303131
66333739653762313663636436336634653339323633636366343763646165363035623262643066
37393864336362383631323637326435643839366637663739313338353030633361653361313436
35333735366235643434323132366635316263636662643865393835643562663966366262643061
38633932643562616439363133313234333330376437633061323436656466343132316363333537
38613362386235633632623637373761613932653233363831323462626165323930303763666230
37386539303637343635636332663837336364363931663761653834306538393161376234616331
36616534616166313239356464623839633732336564626631353134646364376238393562366139
63366165386430653136646664653961386431316630343232376635666131346136333436393534
35363931363062333461666436346134373866366633623732663138303039646264363838663836
65396339396136663865353966396430646239613664643166656332663864613635366231393665
38316330656539353335373163363631393233623266386138393334623162666436656639366661
63663238393261346165383734376631663430343635303435306266356430363638393431663731
36326564333535373965343164366232306332343533633130666165356139373564376239633734
36346635313538323464373464636362363533613561383339363263343233653032346233626134
32316336303963653966616664636363313732663562336237393964333965646134643562306362
34633265663731393939333164333864313735613865306239613966313733363032323266373539
64356263356632653365306562323465343232363962663235353831336534333636316664326633
34386531656163633130643239303735316537383439323061393332343731326639383338663037
33656437316630616530643232383535336636373634313632643761393435386661376462653066
30363830363130396562376130303638633138356433643461656331393430366266356365393630
34313763306136623261303932366661313964386566633937643537656663333264316666396231
63366131363133323461343635386365656336633138373938663431313239653965633461343464
61396536346533306366623266353938623238353966316235613932383265633639383262366433
37353339643839356161633538636365313533353365326135353439393439383964386435663934
37653964376333316338656462313838343266333864333537626530653239333134383033323239
36353034323033373563386537613761396334663737343737656432653663313462306138376134
36333866346366633166656530303931656231343534646230393731333231373065333861316163
61383931613037346430646332363933373130373839303739373236376338656135343263326366
62376633366662356437376235613730343065653663326265613366313238643334366332623032
35613035666538373066356639333636376663386537666636613338396666653237616431313465
30656139353063306436316239643133333461346231373862643238303763396138373665376432
34643766393563633832323534636433643964616261363136396534613333313964353933316132
39343636643834363064313431383463616330383639643861306232386131393036313436643635
36613265383733373866663338653263336661336333383836666662616638653663346337313161
39333063306461316335303862396337303035366637393633363735633036383664656364383433
35336561643338613036656561383764353666663761396335666365323361616334643736633965
61383434393430626533666439373462333435326235313536306531663139336532343161336637
35636433373433663165663431333165613365353533623130393638663538363034326261343934
30316332623362363836343035613536353933313932306163326439343064303534346563313762
63626365663633656438613766386365666538386134653936633835306534306336626265343463
65386266333130366166353461663362393164323362373039666538316362356666373133353138
30333036383136623434393663653561636361353735613962653339356461656235626461396561
33353835303161613639646365663061653138346165633938393763653936376566363438643134
36636666633436623238383366396431646136326634306162333130636334383434383539653432
33646438366363616261313736666262366638666236626439386462656134313933313533383766
36303733666538633962363164336661623434303333336631373035393466353235613761666236
62346230343732393164653462636337656134653466666461373230646633313961636133626465
62306464326264666335303034376237646164396337376130346537306361306635643534376161
38363139353333663332386332376561383764313561313434383937313961323238643639613837
30306165643066656137393539616137343839323064613336386463336630646664663538386635
33653534393466656531356465643862653037323731363566383364396133616163386335333162
62626139666463376663643831333334356336353035356430346135353434313935336235646335
33366231633961323064316264653961353964316262383039653966363837376366313066616634
33343833663936373463663132353561326637653361656432396465643562323933316461643037
30363833643662626438623334393038343566646561313332343034373034323337636463663866
39336539653362626364633635366330363532636263346336303164383234303237616534346261
33623039653134366236383933316439643763616239636536623661653932363331666362383637
36353632326539653164623536653832316435626130653538353736656265323238626336623366
38656232306339363437636139316131306366376564373233373537373733326135666633623765
30366364386662646461636535303163313038323635306134333238636466366461386362326334
31613139333732363232386334356531666438636161383235343839333661306664323162323665
36653034336132383064643331373966633762613632376131303135663062376364373064373035
38333436633630363138633935383439666230636531666630636238303539653439306232616466
62653434643862623565303833633939393531323536636465613738303464303063353163326232
36353135333262326561633265333034613163386566343436323039613362343331363761303632
63616130626439323636353137386531626362643838666266653836313436316364393831303862
39663865653135353333336537306530633166636136636131616565346236613563303866373136
65363334333636316535626134366337626463336430656563643533303663313430393535323162
33366661363138333865626164346664623238616532313030336261666164333036333531306462
39653763303935363762653335646636643831316232326134323931613632366233373330663637
65626131656164653333346133653865336534643339393265343931326462616130303866306335
32353739633134393262623136313031363536613764333562663136316161326537326563326335
32336233623937623531366365336464623432393431383131633934366532346363366463343964
32336338346638396462373335636362346331303735366631666661326631663262373738616666
31656232613730653064333031663263356365393166306362643464643534353336666434393534
30393363323239383037656336353339636437336132383061366461633563383434646461643933
65316463666530323862656432383335656466646134623931376139633039633163663139636433
3537
