$ANSIBLE_VAULT;1.1;AES256
39373431643134316536303838623636666266656564346431623561363337313363333539663762
6138613364353464663138333830613364383938346436610a316634643765353763623666363133
64333361356235343161313665656564333862383866633764613361343133643232396365386537
3161383462626662300a323736366230613239343265303132353339323237613633613136306239
66656636373366666433656331643436633535323161626633646631656130393531663435633561
61376333623930326536316337633430376665383630666538656265626361333566373563316562
61373633363837343965643632643533376461373132666633636533656135363237336538393739
31333065616439666263616364623464363163626662633036396366653765646234626561346432
31613665633863636636653736643536633132376231663130393534623838366138353530613661
36383062353665383064616466343764316465643732623137393335326165616531376335313234
33613130356433616332613162326538316534343731396633326663343430646433646565336463
39383838383731653432313862366661636233616166613333626639346238303937633431656435
32666164643937636264313962373764323764303866313830363639666438663733323661313537
33316335396266356162643962343834656632336664376132633934643163656631616232346636
37636436653335653537643533613031323437326631376638366133666565353134323461633564
61643166323861626564333234396334636133386234346463333565313236336465336138643734
65626430323763636331346234666133353132646232336335323765633634313133663162633333
65643863646436333433666638666631376561343537653730373733363438633632356639363462
61346634343731306433373232373764663539333665343738616139346236336535653632313730
34313135353439313065376435623733613565353332363537316432633661643631383236663036
64623331356234396234623131623735366634326230343937653663626630313565346536353564
31656637643932666635343662663637623630376665613232653638373534616563366238383738
30393536613565313666353332643863643239393530333262643936346333346564663437663135
61303530386538313134656236333363333438646535336530383130613338333763366461656631
34313433393335356338336437633062316138636233626265636630613764383332623033353366
36663731386235303064383263346338643762363338396238346531333531333165313062303231
63303932663036663161656435646463396331306165373062633230643930663166626639623539
38613538383836613435323637306462366263626235333832626364643432383430303063326637
62656362396465396331363464636265633664326266303365383933343635633666653964323765
32326562336163386331313964306565326434373466336333653864373132653230356562323865
34313066643065313931323263656137653031663738613265633231373330643134376363663832
64396537366537623063386232376136383332323063393365636132313465636438663832663739
34396365316439343135656465663066633730383564616432363833383237396439396465356139
65343761656665383063353561623562653739363933336130376666336161303132353130323437
38636334613965626133303232356238353463383633626638333138626336623561316436326561
34373761333139623132396133663663623137616635393335643233396466326362393732393938
31343231343164306462633735663863376535333132343638646536366436653465383635613239
38373439653232386230346639643836623061636432643535616233663164326365386338373033
64623839643962303165386162306132613030643231333263363663346635373535326634356537
30366533303937656235653236343461373565356239393133326132366636333961626532333437
30653566313265363462326266626230613361343334383264356463636663313939323133323337
63613661653931613939646465313737363264643832653563366438653639316666663434633335
66616133376532393166333266373337633265353861666631626461623166353665633663326633
32623736666332623337376365373835656239623333373864326635363035386432373537636437
33316437303134656466326538363136303663626436306534356463326534633365353335646465
32643631336432303739326164383230616564653561396538633164333832383030333566623439
33363266643136626634306130643430326430623030393336613632366334643863626239633066
65393031643864613036306564336466306361663238306338646132633333346232343164663439
39343764323130616438613063386364623762363633363534643137626230366638663565383166
36313463363665656531306331356431336236326331306664663463343634643862356638623464
38393964393562373264626537386463366566663430663562356335363465376435646438636539
34356364626135663434663636313838653663353738646337353564643636323237373764326265
30366666636235306539326430343062396661336630323762363933653865376638653530663338
30396432313863383532616335373932653564346538373962623239393636653665356238393765
36393933373436326362623063656665653266333763653466306533663135336232333337663738
33326337366366646634323439666136633336366663316636363262393834623162613738623033
61636662353062363236653138656135623437343430646137653932613665333962346434303265
37376361363661666563356437666137396630363665623534343163653161316131306136313737
65386161643032326163613665653839363365353435616439346138336634396332383837306463
35393963633135623764346465313762656663316138333231613733316433396537336532633861
62323533313631613630386464343662383835386133616163346662306233383738343231306565
35363930343364396433656533656635633334613033643339363864666164356437643138623266
37303261333963613634373437666562386333666638376132623432663632616436623832396338
61313431383839386432653033376366366465336465393730373134323730373832313330376130
66316165363931306130373266326261373434653534656165383164316336386336376561363336
30613666633562643736396265623130636139646530383030306637323730303364646631316437
37333532343138363834333066626639653766343334396162366635363964303463353937303833
63393266386238326437616536376639343331646438353130663539393130633461313237323035
65313765376338343336623566623737323263306431313563666233623633306238333638373833
63623934313634613938616339626130353932396338326432353932383061346462653336623663
64333439653762383233336364633565653732646136623533383034346166613335643839656136
38336139646132356337313635363364326531643731363966356535376238323634623265663663
36333532643566383566623765666238663733623563363865613839343463613062393730616639
63613864396535653866633335663565386634326239303563393266393739313633306361363632
66633961623731303635336232633733386564353262653830373432366336383365326261383164
37633861333363333337376466653063616364366566393866316230393664393236623164346634
61363333396434306139393065643037633364346439613666656433663964353362643166343564
38303933323739336666363263643338393535613764653239623831353637383234366433323961
65373330633264303438343438356135396336656235613863386539333238643137613934623439
33616133363138326635616638633333303363616539376564353464383639623039336237326430
37386139343961363935383330356335303762333337613862346639336239306563373865396366
66663362666439326666303163393062383163633963333762383532663662663664353831333166
37373237356164666664333835373934363037343536623764633635316537383834383231386332
35313237373232623465303234653766366131663631306432653730316636383265626133363764
38323461646433633134633864306462333639353235373932626465623331373330613036303939
37303637623162656531646663383865303933386366353638393761353463303934343930326530
61656334333966623933663161383862636537643632346235313633643137346334343262336363
38613564303830343839336137333764336464626435633961346531383539666132313737343032
33633337636230356639386139366661363637666162393637373533346638633066303330666334
61363136616661306437313961366531306138353433323637636637326432623231303864393134
30653638386565303862663039666565366333333233343062363237613162343630396332616561
38363539366138326639356337636437343831303466343731666361393065663937316238373234
34343066353536633865613562663033613766326261336437653538333664323632306664633436
62343966376565316238633661613338326533303664316337666562326334323432646133376631
35343565303066663863326634643061613932623637333664373962326664373639656566613837
62633835336630623535353238373134376135623831356337323234393564376330353632623436
37646337653931653939323833313332626132653863383530306631626266366237636230666231
66363766613336366536643465663866633331353864396133666437326638626235636330343366
64636539383261663563366263333637653530336637306431393536373739343330303132383164
66313939623230336330383262623431326166316563383330633034333933656239343661303464
66663831643734333965346435326661613061356563383731653862666462333130616136656433
37646439646234306133633434346135626131376664356633643739356164356561303332336162
39366138623731333665396165373437623965316539356532363439373265383038366565656330
63363665333538363964346331666136316139326464346238376339366635656461623466343563
38373730396432383539383632353963366335653165626439643531363530323232616361346566
31663839313833376538653063373561386436623439363334323466643439353964393366376261
37366637303032346462376538613964613938366537363061393931663162366436643338393130
62336236303763363337313736323936653533323336363331666239623131656630353539373862
35636536336230613465363632326238383939376539666532383333646631316166666534643731
33323937326533343265626164653134633137626561653137343362346231626165663332336136
63643562376465303961396635636338646366626437393564366262333534353862383130666339
62313233353666363139373064636337376563336435633837363535613530356366313437326333
32326332646332326637356131626335346537333835643266626534373032303666623563626164
39376466366237653564666533623337626162346531313239623061373266366531363233623930
62323263316634303835333736666532306437343935613266303761323834623235366238656662
31643664303635316232303237666538653236373366373636336366313262616665383862353539
63633636356233353466343066396264303761346331373165643262663536393932643862653166
31613366633838646661643033613339303835616337306166663331313231666363303037643238
37633765373364613963316164316566396466616338626339653132326137643732626633613239
32663634366135323837343633613137663838393738363065666464386265626339646137353166
63653766326363636363323232616237316430313739643837653831393738373734626138386261
39366232386335666634313662326664643865363061363262383362666536346265346233366639
66303938316531656365333431626131383934656634306239383837663233306534623630343365
65636364623963353536306238646463323138663565643262343735386639616130323633346330
65386139356635643339666662653530393362336434636133363562386336323265653561623032
32383537333261653264643962616439303730366461623366636530633733343832633830343530
39663264306632356138343731303965643335633337326136303233613731656465353865326265
63383263313164636432353333646139643265623066366266383331326133333566343464626336
64303138323839643939653232346163323432313334333331383337366530623432323561326666
62613436613634333737376533363733626137653937623230343566303763343834656236396463
31346437376164363738313238663535373438633330323661623734313332303631316431383065
33396334336566383264306536633534613064653864303662653635653833366530613531656664
62663334646330663031313966666333643063666334376265333433633431393965353134613262
37313561666538336332346463363334373565386262646165643839343138653730663766383065
37393237376437353938306164663738363130303166643433626632356364316538363338366265
36613933306532343331373534323339323835356165333535633731373264343138323261323434
64303131383461653363303339663238343663333932313736393665646435366637326338633636
61656461383136313336313637633665376164366638363230346562346463616366636132623738
39313734633737346431396432353038386636376236356661616631636332636132323734323665
64396334386637333735383066366166393664323236386433363832666336353335343462313430
31323736396136376262653535373534666264623430323938323965636462656234373465316437
33613939613039636639313036383736393034396634653366323237646565376631663462343066
31613162323762383134336463383665656236643361326334373830376332343564366663376232
66303738346535343566643734323630396639326564316238663463656339383532656163323331
31666365393033333336386464393064386362343263323764376234333965623430346633383937
65313230623464393366386235393265636133326331623666616531326166663365346366366335
38616563363330643034303762393032613034653264366633666465383061393434663036303130
30313433346561313935313966656434376331393365386464323433633465343839366664346335
65373636633333366261316563323666653039353030376330613632343936353862353238663139
31626131323132353234613633623230313266313932633033316664323165316362643361643734
66633730613034386466363139366265336432633761616562353764323335336135633561653732
34303062353961326332386566366362643862383733633035306537346164313539313838353533
64643066313136323839663639366262386566303333636536643732333066346535343131306266
64383231636566626662376237376539356265303862383738383238373837333264633939376634
30313333333039316434653862343162333733363261316665646633653134363538626537653136
32616336626665653364386436666331353066613161363832633839346238353534376366396662
33326161363233393938643931323062623230303363633563653130616166353730383763613839
65356266373364626437376531386664356464656661393336316530616230333662336335303139
30623463356663373966656533386239613331316637376364333632636135633538646266373133
36356632626366343031623639343839663336663564376635616662333630356433306165626262
64623233326439623337303564306530623664313132636364373838316135383538626562353563
38666563326336363634383465326234303434653234343535346663353962663532393535353036
32323266613331393634376261623034303238663737323135303634623733643265313262336462
64386165336634336662353830323931383163613165306130643736373238313632643036356161
32613234343338393930383166623363613431373466646363643132663539376337393361343963
33323164303136356131346163303061623330633931653131303539653030626635303562393138
33666663323036363331383864633363323630623362333736363434666336303333633132653738
66633132636330346337393935363933316631306533373134343063343938316439353133373263
34393163316564313265663635376134356536393439633565613032356261653337663639393266
65646135376231633730663634363966636163653661383364356365646136633230623232396139
37306438323737346630656264363636653533656632393764376330313365313161663936383966
66373634396562333761323566623833363537373262623566643161656339333262313362366365
36303932326537633734653463383130333763376139663833373566343166643738316363313261
62656436333731386337303536393066366530666562663562663636316265396362393666616331
65653132343762346264656436666438346136663934653734393837623931356165316136653866
38343836303862393937326438643163633032326434363639313063633234333462303264623262
31323562646566346538346162626134666362313165303830333536393732633866363933303137
64333563623763373132366638633736306638643934376633643963396664376431346263643834
36633665373538633161626531613231343136393966626361373238366335396135323066346461
63343164306563313235356635633636666165353335316464353861623566653962373364393634
37326435356431396639623835393630616463653562303764633736306234336164613738633338
38323162666462666162383631366636643765373961656233366165643665663038663630653930
38613031613637383431663437626564663632396461373261313737633462626237663637363636
65303365343161396664613466313538333438303631333763363566393835613538346236643062
30386337333665616465336134353662356566636431353166383838306230646162333136373562
65396166326538396464373339646231363438326333633232613934613830316633323838653038
33373732333733393737666464343835376639366662346133623330313734663063383264663131
65376637383432663362323133336139653562626163343234323062336332613561626536373630
33663730386161316433353765633732393535636536376632333466356535383365663664626232
62653961356436353062383338366135393830343262656136326130396531653535303732396539
36643739336131646435306331663039626335623530313766353832663662636434393931336131
34346231363136356364376331303433376338633133316131663665323862616465303336366235
39626636636264653037363138303739353263383733303234663861333738373731613764333339
32653434306333386465333039336661633665626132353732633965396365383336396539646162
35376636343135646630663665613234386365333936393134636363666464633337343138653765
61336639326533656338383262353134623739326661643335383234336435393961653162383037
30353738636230313534396535646665333033356631353937336161316131643462373165303238
38313563393431366436373134393265373030393231653330623638613834376461356533623266
30383962666233643537356335666430356431623430373130366331376464343864396633353130
63623837633238646333356439623236656632633639323265343239383866346336643564346538
61623363316364656436623038653338306162623363313439333261306332393061353932383636
35383535626638653036336337663630616334666534393763643331343531376433363863383363
66373662373332613063646465326135346665393133663562636162393364376538313931653465
30613964636233376135343961376465353831343634303930373963306238633032643963313861
61313636323234326439396561666630353232383861383263366361663237313662343061386336
38623336373139666162303630656135643736663038363666333062656634333932386139396338
65396631653166613638333736343934376237653266396533323966313938633737353635326439
37316235346135316535666261333665616536393330306432353635393737323535363238343664
37383233663761653634333162343231626638323230346664633665313838393336353736633033
61393838346161383939643835653435613136613239393136306136333330633563613364666365
65336565356134636537613064353464633364366164336361626664653462663630313161333465
34363834333762353664356637393039663363396363626637303635626239633032643138303935
31643238646564643165623439303034376339396565363637633934366139623832333130303736
35643039313934383931376163326466616365616634376339323461613861306335333266333765
65663364333762333638366534656635633962383837303033373735333237396232306630303965
34366139363466306538643131373138343232393562666130643430376562393263653766326161
61393135326232623038613535633430663464333865636433653436366335316530633735356133
39666135383537333631343537396465623161666136653237653365306633363739663763613061
65363466336364316166303730343230396430623063316562633863396639316636326336396535
61363630383834663834396237346165666334393934376331366364613939633935396237323434
31383462373233656337366330336562333962366664653531636636636639613333386363306564
63356230323931646538616636643630333038386533383132386263396334646464356535376333
39346330346261643462653437623034616362343362303861666130383239366639303266356532
63666432343930303132613530346630623538616264633230313865343163333366383266333366
36353633376364653461343161643034343361303236666233393064383239613437303761623962
36376431363463636563633837636662633136336639316565313036313363616362353662666536
37643366313561343762636661333063646539633737663137373131323837363364323363613862
61636133353530656538383462303731303130623736326632353633386131383264666431353137
30643961326434346266633765663630656161653834303066303563643165626662323032363934
30653530616461366461643038366665336530613531633065646135613338326561323135303632
35646432343739643766323037666165633262363066653035303838336331666336633164666363
65633163643264353039373964653239313464636535636538303262356239343434316363643030
66643061386432643237363237633232306133323135313930613965633465613530313330303334
33613534353339343662346537346139303637323862366566636461633833383032623432383262
64633361353466323630663038383134396564343635663735353233323965653932646134386461
61653965663039353036303465383136613938343764613061363566623833626239353362306264
66373037636338646162303932376131663631616239336565666665656364356136313361356364
36633665656366346239646161363138353663323564653738613333643566343563396561626132
65306638633366356561613032306364393236646131376630373138346639343438343338613661
63376634353962373130656131373235376630613962636362373639376139323964353765333638
39623335656262326463653864656434346664356335343630663532646237376562616538316534
35376236333533343466616566356462343331633966393362303131343963373664346365326233
34363966623537336438363332663537636332316639316163306262366366663763333038383834
30333063323636346537633164303034653163326464663164623262646632636663376439646634
38343738376665633439636538346361656434613365616261396233643937653964353935386663
63633663353337366531323730613436643033613731376435633438613764333938316636393237
30623138313365346564346332316163633530643332613734643233353063323435333530636564
30656561363233363562633132616131663639376536656466393737643634353864336336323436
63656532663134353363346565663363303061623538393933383263326130356566393134643034
64336533616534613162383363653662373762343964366632366138373632643566656664613066
37633438303362303039646263343661303863356163643630326131303462616561393664383062
65353338373231346534343331383038646338383334353930643839643434633532366261373633
61313162336234333439336632396161396562393434316539633164303436623132383630386637
36386639633633313737666536356535666237643462396430366461363161633038656565626435
37383738623531373635393739666264626631616239376664343831363338653230383331373962
64356661353136663631666261383138396432373235333136646465663938633538623965623966
33636633313832363866343038336637366262326166343232656337613661373530393531373132
36376465323636373166653336666134373663323135356663336639306630396233353834313839
31313736656562333136303632653239353331663663623337666134346463336639393266633335
64313137393134653638313063356337316361313135316138316364613865343633303637623330
32646532336139623730396336313564333535633233333939623134636439313734346265326138
62323037656233636362316532363839306465336363353964396533356634643138636231646131
38633465323939353534663763316564306661626636663165346263636336396638383238363138
35623334653032353433636135636631333962663039666234633463316263343139396636613834
39623466366430623238646132636330303133373131393639363162346634366661656261346665
62653562393334343365363038646461373461653138333931643138353465316331386130373663
34613930376465383362626235646564343839386537663638393762343637303138393363366636
37633339336232323561353139633230646466623232316637343534343264343634386338646232
30633233303838646561376564386232393330326437353636643966643734303534393430646361
62343235386463366534346266366162623264376331323737306464626439343562346436376539
64636139373166653661626632623737376462366130326162313065353330616561396136313437
65323039653832336537333936383639393436353931366339366137613139363830356261613163
61393164356561323139326663623637313833353733623661306435623362636632623637363232
39363431383636313163633636646463356438383436393138326632613132373233343534663830
38376664306535656433393036663533626238323030613366336638613637623562366237663433
32663565313834336134313534363537373131626163643633313337366330366661333065383132
31306661613066386136316635613832336134336633356535373562663166636335633638646262
64366539623434303461383563663265396638633465313934313764613535343266313831333136
64663030363337653864366538313330636566643134623635336538316261623265633332646630
64393732306466363438386335636233383136343534613861643339336432333365623732393734
38313430366664323933653561306132373339333034643966323730396165656638333838326466
38323332663034323739346233363531646632383161653566666165313964626230626636666239
30346437336234336434336263356337613435386438643237653833613062376333326561363762
63666462373231373334393235666538656135646264353766333338323364383861373863306637
33313664653965663161343334656263616663613031373261343534653565346437633230326639
38353565626139663731353833373764316166396237383263313731356230613933653432616466
36393631313764346631323239303034356664396235666466376430613830653238373235636230
33323734336363366630643533623032313837306333636632393163316632613563363031353535
62373864333734353934623134366535333932316431666265346461663235636231656231626530
33353735633039303563633536316333646634626235346235653130636136653164363234613261
39623434653166613138366364613864386337653836316432623366306164623065393534396431
65356633363966393639646266646333323934303836313662623161366331333562336135316566
34623032373064616539386439313535333338663133616161386366616337303265356137613138
64653934393439313930323336303933313737653435396564393132356136386437373236396463
37313435343565326565316163363066396336383133323263396134633336646261646466356366
65323265306335323736636639333164643534363832336362663135383338303261336562663936
63643262343332386339636462333838333362643830303536633036353563376439333036363765
61313335356330353064633037663161303531346239323937353361393561336464313862323231
34613761316232616663643533326233306231393138316433663266366130663635343736366165
66383731666432306334616332363531646431393133653265313164336432393537323362376561
64623439306439333537616462383033633064616636363362343334333438303930646338306639
37346266303237633935363939663935396632653537393764373936343237343633386365393230
30623635343631383032313930626565313930343437663930376166616338373662373233636536
31333831633562313933363930373133343432336233396635376561373737326137383666303032
34646139313233376130346536376231393331306230393536636262616130343935393534623136
64306465313736346138323663663837643139346138616631636437383639323633663130613230
31653034663932633236316166303235323434333139366130666238336338313135393638306435
33646539633835626561363066356130653838356139333966316363336136303338616334366232
63323631656238356232323134643232376431303163333661313937653236656533316530363134
34396561363164623930613562346163313164323132633762636264623332643532363830383363
33353936366634373931336161316264396237623835666435353561316265366232353137333963
33386539316166346163366465626561313233313931323662656531623662393633323061346333
62373738373063373336623038336464373566396661386264303962303138336131303836313361
61333163376338623637663837336338306535396130646132653535646630313639636439386238
33316365633764623536306662326366353936313335303230643964303035383736653963346638
38636334623439663365306333346264643762343364323536336437633439653938616234333330
32643063623736343031616135363662636530383933626137613463666362636131366639623838
36383965333465646436343863313735376134633862316264633637646431663464386538653966
64343164333333626235373363356237366562313834623865373736643935343531346665616466
33616561313562343438343663346135336563663537323130386465326238653636353336333630
63643066396662363862353334656465666362353031393835343436326132356363396435643234
34613437386266623763363362343537646630353734623834643230373933643536613939633366
66346235643430646566326435316263643065646330653530373539363836663935386265363065
30363137653838346237643861343030386364313263303863643662633632366463383935643236
31643639383732363838316430366438313066613466636261343666316333316138353663366137
65333533366463336437383636666330613561383563643161653230346635393164613935323063
62313966663531306564383830393665623731666432613938643739333235623263363338363965
37633137653466626364343962656564373636353837626364363236663361373930363638346533
64303537643938346432393837396135383230383633633861373730376638623636333663303537
64313139646332613265376432656130333030383538346461643361393736366265393164666139
65383232323138383033643762636263333634343239306438313737353738303437353032373666
31303362656432663862373030366632333063313431373939303832353765313239366562663139
32313734303332356664313333656539316665656461326165383963373063666365326162663065
30643331353166383438373835396133626239646630343333623866656232393663333439386365
35336263313136636238623235363439656365393266646366396464333235356537643838363831
62343635356330333266636239353762326662336634646435333666663430393134643432383836
32666132323539333161623662643066336438356666626666666465306436636638383432666632
65373837633962323230323863396165636236636233633666663432353036616633623133663836
61383734333964383939303336373637663266356265383664383034303037333736633763623633
31656633363631356536356632663864323365643163383561373433656164393564656663616531
39613032633336663636383834353235643566366132646331313761393932323039633634623265
38343836363266346439326666636264356532326562313038323631363736643231663566396530
36393462346134666437626164313161383630376336343638643363393838336132363432326233
32313538313164623833316463393866366433323264366334313762663534386138343064396633
38636632393066306262376665313861393562353361656135336466643631626130656134623265
30343034663730353731663932626265333539636166616539333139343638336438363038613436
30613035353039396165303633306464666437653863383561343038303632313063356365643163
34616539656131393835633362323764353166303261633863363166326133623231356163316266
64636661383434376331643634643030633164363765316364303366653830613566663938386263
38323234666632613532336431656635646632626362633165313233383637383638373737663261
61393932363138323735356539643534633432656336333333633437396631663433353864616361
35313134393262306663383261393432636332333438346132653338316236323964336539313236
31396530303333616536383336653361646532336535373366353331636365386536373938333063
65653132613030653036326631633235616237393663613434353664636237383864666138666536
36346564656236386233393034626537363963613835653139663736323335643566396165303263
37343236313033333336303331356132366131316432663330386435366561356466313162666534
39663933336566336437343766653934326665376332616562396639393364623030373430303937
34633631363138323962306330353131623237333866623464653537383731303638643834613361
37383065653064646330313232653265363133343332656466633532643763633039346263363062
30613166616531333138336563323034316634646330633466343566643131366538333863303764
66326137616332333438336366373131353139643233333537363464623636313631643531616337
39336463353936346163666130333566373066336534663666643938383564616134393837313061
61333737333933643465663831373662313761353762616333343139373739653562346665306366
35346338326135363264633766626464363165383866613338353062633266623937623064303830
36613531376234653634663139346138383636306431646637333362653363646264343961643439
36303431353764643739353662663534646135386165343864323738303836316666393130336237
65343139336431393739363731646537386465303532616363643662343433386637333034353138
35663366356466316433356532623063333964326538346436616135666332623565363633396134
63343537353736323736326430363762386631643434376663313364363766653838623366633264
31326462623763343833396636663662336432303363633337333636623939346230656463656566
34643034653739356134343837633134616461633735643230663466303366636137306235616437
35396337326363346430636532323762623137353632633931333265333762656330323961653761
62663530393463613837613661346335373662613833636563656239316137323937333835333963
30653562663036366262343066343766376332346333663736626232343836663038666536316336
64623265326663643762626438653165336166313963386137376233656265323039356437623439
31313937356438646337663261306132366465366634623035313031303138373737336566326234
37323361633331353430363639356539313533663065376130303737656365373238653762336637
61646636656437663631393436326536303237303131613335326536383862393533643465313036
65373232346635653934333434653665383333333063653439346239326364613735383733376334
65316139393538316465666565363762663165336464353432306333326266623531356434613536
61616263396433396234666132653232346530646139343938306234333132303932633661343136
64633562643132656639626237313336653730316332383631356433653133383934326636643031
64666435646436363561383162646664353138386235396566393531663266363136323331363035
36653061636365313730333834653961663934633561336561383630623432383835653934353664
37656239353931666163386536336566323035303531333739326365623036633630383666353666
35626365313262376433343764383337396332623266313938613366626231653034366139643937
33663030336461636335323961313861356561303761393135643531303136653634646537313130
39663237346531656131303637316365353833383966373237623530353837366363363830323766
66323333653062643039626236636364653732316463353436613165616135366233326333613835
35663538303635373565303965303163616466363136623731613038653464306136313264333933
35393830306135643335643735343533303230626636306164636565393737623032663862366366
65626361303261653265356664363862643638316564373065336436353165613632353239306531
31613063323534326435356466376238383230646461366237373265623939323633616632373137
62366165333862333665633636383433663937313964646630303434373363633361336637323837
30613337393639656562366633306461383936616630316164663236616533636633363562373538
32323135393333336234633961373061376261383663653862613731623062633533396566346565
62646136306639653131313865366566643564383961306333376464646164333839363432306664
62366466343761643539373037356231363362663637316130643830303861326139323530373961
38383764323932323366326337363335366238376537346131653265626238373661306262326335
34396138313961313332643934336639326331653764336365356234343263343664636534336539
34376262356638353765643631663536666134666362646132343562616565636166383234373637
61393666336634633166366138373431303834396438333838646464323264366532373132303961
30613433383865383362356132303835643933326464363565356536333536343133326532393566
65323135663662643834653363663137343939633166613465653964663764313732653662643136
30356366313265653038626361356139353630646131653238623130666239363338666433623336
33363738656134363963613561373263333766353961613062663963313630363864363537653064
38333466663138643164303632653134373165333532623463653237363331653239333138323630
34623535386533303739393164363261383366346362653462626462316464326639313432306662
63376561333865343066396266356465613932613534373535373739613363353962323532373630
34333366316262633031633765376362333563616363633164373830396666393838366266313936
31363131616565653831313633333461323434343832636365396333356232653739353866306337
64363036336138336430633130636262376238616239623439343062613464636633316630366636
32616633346363303437376464336363666366393862623866656663666266323962636366663437
62303565623861663463323233633764323162613438663230343431643535373936363032363036
66313562316261383131363133316264636436653065323564646434383633356538376433623962
38386231383535643463346534366366636235663133613638333833366266633539396337353139
38366339366237653164666239393761316365663135643864373137313961636565373639656430
34303932643966323762616538306236366639323463356165303932363138336438393836306136
66376166363433316135616263366230653532376530303762633162626135656261386632366664
31333965366130373665613635343430643330336364643735666262393431636236663535313734
32643062306239666339643261373834663662303937376461666462613237646538633462623436
33323231623038633863353337376331633634373561353364326535373838393635626230303933
34636466663365656635346234633931376338633065383536393532383031323163303562303838
65643234363039306635643936396435623930333432393439386634646266646531633432323539
35303432326362616435346139646131313934636537303462353661393639656461396338333366
35376663643232646666653563343330336661323332373265656331303230643634636132393266
63656462356230333163383836393337366335323830353538666264343136643361333263656139
37366561666163346461356566316263366361396162393730383866393334623735666639313363
65346233356165353830656663393631336332643430626366303162666433653638323835663639
35336334643838653732633434313036396463613334333539383439643536353561616536326562
64356339353136383934313936613930336237616465363839363437313064336265316335316336
38383062376530653662383137356162366162353137313031666532383238313138313465353730
63616132613833663731636338663862353765646436663337373138336235613032366631626261
31363633393835633930623139343965636431396562333461383538326236303933396232306138
36373265363035333937333764663339323038656639363763616535316134663636353562323232
37353339656131663133656238393532653465613138656432366330333237343935376464393862
62346131646235623864356639636537343862663435303936303666616532306230666338313432
36323432666261386466363361386265643038326366613436313133623866373838666164323336
64393335646131353233663466393464333364613738356564333035306630633563633665383135
34363533386432386531373336323837613138313637336337633061323864623663626133653866
30383261313566653563323063633136333466356632323736616639316331383037386366343166
31353630633637366130343035376638386633653130643037663065346436313833356362333538
63616635353361383262343230373230383137383934303233356366303066643965333232623333
63323133333235613333353434643830636437336134373432383631643734613863303262653132
38653863396136343263303165316430366531313534333934323862356563633037313131316261
62316531653265623734356365303262306431646538356433353761646236343666343333383236
63393737633531653036656330326337356463306161306237303735363763383034613564353635
37303634653536326133346166616634656437653066613261326638306666366535383766343639
65646231343238393436653365646434376639356237313762366230346565666438323463383362
37383231613964636436386639373562373238383534663338623064663862623639346339356665
61653637336438383764303262623666326265396437373838386237336636633837383562653563
64316237366562636330336433663338323761303538646365653139333562393932663761316564
37663562353033376465316433643362383934616332633264316330383261313937326433303439
66313462326435666462303933383162316231616662333536326135396230306562366139373235
32616138316233383634373365663166663962353264376533386634373438353465613235343966
30343335656138303263343031363963376531643730653862313337653731373962626562646432
32636233626163356332323836616630643461333665366361393164363832326134666639353234
63373131613238393539363532353334666630633734623036643535663437303936326539633032
32383431333035376632633632613566636237393766353638303065633731376636633938623038
35313832623530376263313030393938646438366237333632343463633632323765353963613438
62643830373264373333306439646234386563376263623933393331336532643035623635356666
39333865643164366139333538393731613435303735353030396131303837663931383936303737
61623135643533646666633562646539376438313736386162306566653366643935653165313338
33373665656531323433383665313531633064303235313730346432306563373563353064386462
39313765393961333464313832343038633836646566386233616233666662316561653165666539
32386132323430396430303034613239313962366132663133656464393731333761343666333038
64623733346430613432313931383066623335623239656261306131643031303337636233393338
31393731336637303361663465393231303366346462363534653065333437623664346634306538
65623835393539623038333566323231393066313637346632313966306463643836326230656339
63646164666162386565356461316234616362313735616536623534323765323639376539636236
63303131326164353864323433313431316632616437616432346663343237316236626331646266
34653733616166636363316661353763336135373335376130613538656162333266613462633230
30353362333064316633303462393931356230323738656563303862663263633262313361363563
61653334656139636339303235613930396533326631383838376462356436616235613761303862
36626531366461343131316239656462643237643732333661666666363961353338303334633035
37653036313063323034633634343665333761303362643361336432343261373062623062663161
32373966636363393265666331356264623466353134343663626136383337326637343062616330
36336438386638653961663938353635303539663165613738373432393131313066353563386635
63383137313036393731373534313738633332323931306563633861623461366538663066343530
31373634313334353161353562663539303538356636363338653064306337303031386636356263
62633765633066646432363637356232613365363634653237323062343166653339646632313836
30383733346264666661393063313363393434303663346630313330623835623538323236336238
35626235333331346130646235313332386336326137303530356563363430613266393632313835
34386430366565343862323534343431393965333361313738306538333139366435616239623034
30396230353730656262666364353232346162636166653062326465343664393039616463326239
62653663363430393731643461643630613362343433376135626639376366303361636233353961
30633538313366633435343634316334393361356361356632343363366561346331393138326333
32303061633165353164343733393437383939636135643033633234643539646461643166646531
31366630343436383834613433393461386466383462363266386331613832396232653439616233
63353739613735326261643962643938313366363666383135346361643366633538353332346635
32356432333539326238326337396261363937373535326463343130373862313130653961623765
36646366333262666339376365356339353630383537643039353062643438393761353065303863
64636334326265643061616139346365656431643333353735343333386563656335663733383963
39646264363830666564386562303431633336656463376664333761643663663165326533643561
61353461333031376437393061396439643064353338373730363833383761666333326337313231
63363963643635323161376665383432656432393363336530366631323962633332373934363238
65663939333932366264623135626139333935653434653966663236326164656263633733653363
30323035343536666538366536333534353634336235333237633463373733366261383536356537
61323663643462623130303762376530373930316431306635623035643462653261373136663863
63376132643439636465346430343861376161616331376232376437613436396534333066393339
34666364666136323537306335316434336366626161663130633539633063646561303234346166
62323063323435323061343438346262626362353535633561653964323139386333653136326266
62343231393131356139653162373162613364643436623738383536336636313332663162306264
64326463386637343134343262343063633663356461303564306462653534663930383961373361
37316433393832336230346135656638363236663532646437306438613935643833353035636636
35393330383064613137343561666661323737383336653634643566376334393931636630613766
35633234383234386532376235343331323039656536383637376237366635393638323736353631
63353165356264353033353535363937313934623930303166303863303861306638386363356138
65376363643733323432323936383033643761373566653564653231646139313262323131646661
35396238633331653466313566373734616664663136363064366161396539393738636566646165
63643030393264363632613761626361613864383538663437343162353236643336323433323566
32363434353966613030653137383538636533386334666464353537303338326335313135376436
61323835393434346438343864653532663836313438313961316630626162613039653765313466
65323933376635613734326230666666363564396136643436376566623833376663656539666136
64383633623132643064623438326338386366386465343866383035396466363665666439333933
30363931653235323965396233303638626635363632623239373132373661363436636166326131
31313762336635363966643236353937366433663039633565353063633239633530303536396537
32383038663134343832373734356233383539636334393134373264353066353239343336623333
33356365656364633463656139323630356432666138353732356438663137336334633664663634
61663531653664653137313234386235353237323264613032613266633339653233336231666365
33356164343736633862336166336464343737346635333763373830343162383731323139653230
30613561386436353763336261306537663632373261396136616562626233303361393432393733
62393466653334663434323661633463383362653738623961653738623830626566373338633636
34666437373439653534653466613235333666666366633536633361353037343464653366373936
30363233343266366230363661373864663439303132386535356664363832343632326239353633
63613236306337333062333539663365306237383434303535376436346538656563383632633661
33306235346339636336663234653334633937343064376637366433323133643262633162653235
38363932623262373037383433386131393433386135653536663931383164623636376661656664
32646430316465383432643564653665613763396461383531316364356237376439373835396361
39656134383763633536303938653431363763653639613736336262386537333263653662353235
63623138336639363765336430306139303735366637326365316337613734666663383862313962
35666437623534383139646366633961663865616666343463383239383163303763316335313431
62633437663262653339316334343931653335623863623464626130333935653835633438633836
66666363356361376234356437613037363861303364636239653264656265663639373039383961
31616265376536663430653635323562303462383261393434343662626666343766316665303934
36613564663265646133336366623133323266666161633066323937376139353330383161343838
33316231353934316534336333303836356663363963393064613631623766656161643334303936
36306533373239613232613430363564653334636266336232363562346263613066333839666133
35613630656439306164636264306263343530356364386335356436386436356436393439333530
33656132633230346430386133363166636335356430323339636236656334613135626462616536
64313332373566636638613738333132356564633931356638396635376530303339333730383537
38393230346166346639626462336562313538383538663063656264653630613234363063616136
37646531663763383464353365376261633265653165396437363265353564393734656631343564
30373734353563643132643632656238373033343538393965633465626331663764356531376464
61646363643864396636653764373461623439613333666234333635333361656465346432636134
32363830353831656563373466313530633063373732656163333963643237666161633330623539
61373361356530303630396439373666626364393332376664643334336436353037313333313434
63363139666432623762626239313835306564333930333437656637323938393632373135373736
65613536356264616238323339313531646330383332303339623334363036306262393635313262
65333935333237323131313030613231313732323362303638313431623035306262303264653463
33613039303665396630346530373266303534646638343331386535656263613733336133363666
37306463366465326336393434313464633439636636386339373264353633383662373264313734
37353966653536363833636563653361386236306564316366303534646539626462623862356632
33643330653132633164313739376634633830316166306337623661303731623233616462333238
66653031366564623864313334386133346639376566313034653166396330393531373064343038
36336638383764623636666639353963313636396535346134663962333136316337303264393365
64373565343634663465643930393236626165346262626661326263616438613737306561333233
32656136613137336466643539666266356636306330393362376265663963356430613065623664
37346134366231663737313465343732326130353139353737376666373638373738613431623966
61383431346332643434663265323933386630646565336436303866636363623037346639396634
36613734323133333363613138316461613264643565303066366533303231356637666339396531
36643839396134653531333837313335636661653936373236306136336161393563633864616133
33303130626333333838326564383664373237323161393561633965306564613938613537643535
31356231613234363665356530316238663632633035306233646634616564316237346533333066
37636261386461623132383162616363353034303133343336386338373131633536656566613231
39303533313035313039326530303865666532356332363562353031333864653132393664363062
65643437336233336138323933633163343238383235333836383331353463383135316436306362
65646562323330386237333434643364636132393236666333663030653939393933363365383032
39353630656165333665653030666231303039313964373663343330363563353734656463613939
65393235646238383564326632336165356537366433663132333361663761313463333064316338
64346465383932663533326536633335613638633736636662303333313034636533323731333630
62316337356464353237613932353461303532303437663864303836393935336534323035653863
35313466323739666630333838356632336265653830646266663563636331303663613133613830
63363430346239336564303264656431663631363531396233653530333932333266656437623535
62326164393566626165623532363165626261373263646135613833313433313734646635623837
63636536656333303462323138636261336433663862623865306366623231323332323733396433
35613261336537653939626539353435626431383864373362646632333165306539396163616261
64643233373334653966393437366139653732373061306532356462363865353964306335393961
37633130336632323962383935346132363536643032383930663735623037633535353635623737
35646631326565363865383838626139663032623938326434393332653665326361626638366131
34623535666439393233633361353637636265376333356134613437643837653031623735343737
64386331393262373765356231653861323035626633616639323231626231613632386439643535
66643730393166373031386161323365643635616661343065623238383335363338656465656539
38346137336538613434343932376537333765313639646534326163313430313031323264316630
64363431333165353837393730306362333164303334386432383830313561626164313435663630
65356430313661646134636539313436393136633030316465616663333337306366653961646639
38643739666432313864306132623266626430366637383431663431313230626439383863306637
62363930356364663436333935343438393030646230616636316538663430306563363864623233
38363137653264656561363936396339313762636136393661326435646633316236366161663138
65393232383532663365666131306562343162373636613361653831333634363734363130373663
66336330326261373931313935373438653364393338366339626430636163316335336434366563
63343064363666643239316235396465363365383463323134323638613236376338376161383465
39616134316234623538353135336236303833333232343936363435313536653163663064313831
37333833323265636161306636616535393137333166353666386439366238346534643037663138
36326331343136623765633164626137356331616561343932313162356432366262393038323535
32303135626335643336663835613737356532363136353030316561303533643933666266333832
31663032343764363030316638356466613864363331333439333736393532353238326236343935
30646635616134366465383366333966636633373839633230653537306636353737346130376437
31396362383737383430316665303965653039646366376462353765623631663734643532666661
34646435323831306666313136333836343066326564656339373934636564643632396234643536
36346565306366323435343739393130363661633232326236353361356164376366393338326539
33626239656164303333376536353066666337613732623462353965383962633265323831316238
38643034356161393538316662653830643062373132303532613639663033653663373636316266
63626264396536663864323034663332333039623263623932613135616235613934663637656361
66306537373731306139346536633134386331343932336131346131663734383462663631663864
38393862313238663537663761663063663862633839643336383766393564646133393966633934
34303934666234363032393066616566616165383664613932613731333061633333356663306466
33363166626261663765363363643035326437633466313933396264666638366336636363353437
39613732613130323564653161343139633737616263663937323563663037336266386533663130
62636433313165316133633137313064626662616535373335313031613131343966386333316334
39383838396166313134656363616163303733303066663163613639393232623162643563363332
65383063326566376339656536643336646166306434373835336561353435313562326231363933
63386239643232386365373839633662303863643733653333666564346632613435623432616334
31303936353631323439386262626566643236626533303566323139366430313131653661623032
38613163396166633739616534373963376562633334613735393532383637353136363633353862
62326238336661646636323066363537333562313164353966353766656434613165633337353237
62396466366333396631366666323964393666653334613631666365323239366339633964316230
39373033306634376137303638386439373138343332353431363063613764343266666332616133
37386266613036323466333534303332346530663630316563636265383566353365383536333166
36323765616638353366636639653937393764383361613037333865643166383437303361376435
30386530306531373434353133313330623862353837303364313831326137316165313935613537
38323530346566343262656431613261343336393433336366363165323737393234383666346266
63356263356539383035653235336432353036383437613761643731303366643938323462313738
63323632353332303135653134636432326132373163316134303735643465356663353566323430
65336636306334353461353463376434626664643561663537303165633239656233383930656231
32613164643732633932363735316638633037383462343066376437353438343936346330663539
32636130656430633063646661303932376533373535316435333633386532353936626534313135
35343333633834656665653561343461383734383536363036636463353232366631663561323034
66303639633262313538373564626566613038386334323032373561383135343865373132396339
36373837656163616230623337613064633230306638633334353162393461346130643432613037
61613439396165663265343235396663383533316533653535646239353264643232373830336166
30373965343764656433643437623535326436323835636662303038633937323964653265333163
31333630613062616233613364656132313262646665303134643639393662343437383830373965
30613063626163356265633562373639373563303666373561643334346262386264306362636130
61363934643961633161653433306633333462653536373261663839666630323739643966333237
37653164613661316638653631633832643731396433356463616336663730646362306338393763
65306332323534303062636238616362393932303762383338303965343863656437646262626633
66306664396163346436613739376333373233643137666239353134633332636439306330386663
64623639356661643265383533633361353237323064383963623630303462393231653235613733
61343864623434383332313534383930313533326133656332306236333137363633616564343233
63333337313732316466363538323966356135363331363538623031666133356261383861653737
35666430373736303136336139353861653662613565343465626338633832386234393166326464
33663531336466633030393236663832633230336237386366396165643461613766333030373031
39353764363264623965333034623561376263313130623266333234386464316334633465373830
65653931633234646336616262356639393232643431393166343539356331636132353736653136
62313564353765343232383061363061633537353033393065333038613434393262373464343238
30373861636461633433376339343739633766633662643632623966383461346666623738363765
65306439303730653962303933653461616239326662633631653435663736633163323934636635
35303532636263356564393463373333653763343461333231626564353338626261346537633661
36376631643134373962366264666538663731383230633531323230373765613536363632616532
66333765616361306339636236306537303262353533616336653763336336393763653030373139
38306337656232383538313535663836343531303566306532623062643032653939333866363531
66613739373362393034393361383163373561346135663533653932393165636334333863633635
65653531376565613332303262383763333334623465303462393735653966636139636462383361
35366237323034663766306362666465666365633234333034373430663833303134336163613033
30633332316164666562643931376666663661643338326430393130316566343333616430383838
30313135366431343063626166363835303634353730646133613265613239343366396431333231
34663431363739326139363463666533333966646365356237333763366564306238323130616161
66383234323137313637353866653830353661616533386632643239663864623539646336643862
39303031643361636637343233373766623335613563376233316533386233323362646333323234
64656465366534346239326335646231653436333339663065373135653336323335633838373832
63323930343237646337343764303161323963396333663462613065356231343130316636343031
64326130623534616236343064343961356332633937343135616533353938396636376236393466
38663435616232643465613264343530383461373661303133303737343732326363336665656530
39353531303666343330363633623630383133313134623030656434346530353236643234656531
33333461346364316465323638316634643163626435326364396530333265333963336233653236
38346434376232393464376664613961336235383361666539643635633962323232316331306333
61363763303737366136636237663463626566343730663332323134356533353035393636333237
31363837616536323331303533383038396231356232303539656464376130666461333562363837
6636306233666339653264623736666137316666623438613736
