$ANSIBLE_VAULT;1.1;AES256
36623339383237613430346363336237656263666337373664333939333231643635306663343530
3736366464336265656633313131313633613431613230630a653938633136613831613264643365
30666534343436623135363636383264643062343934623862633031646239353331363731316330
3663313265613036350a326632313965313765363239333162633465343838383665626636333132
31333534636634343433633036616265666466353938333764383430353033666139643430626438
36663636623462393962383332333566666565306336643933373363343034363663646331373264
38316539303735646436326133326430336436613362633731653933363663656530336336326634
35336138326331396466636639306663623164643265356265323234313737643035643561333532
33353564663635643532643261383261363839353837316433366231323264356533376336626565
66643331386163633538313233653038396633646334643839363564653964643365313337386533
62643262643934366534616466316265613838633637306565316263306338616431613863663663
37646536343132656438313261653564396561663032663637316565653836366365303666636264
38656166636532663863343430633766366631373361363062633562323535306538626230653338
65646433643465613337653435333766633862623161363266336638343062366365613531323231
323137393534383739633132303161326538
