$ANSIBLE_VAULT;1.1;AES256
66626636363338653136386630653436323038363133643737323239356633613732316238316232
3030376332376538323935613830386235643866326235640a303434616531333866656338643535
63613135323431653034333630313164393137363362333932356336346434313064643237313237
3162363165303234310a313832323637666531383162613435373636643066663962623062333562
30666137346236623462616536643437626139646563656337313865336565366431363638346639
30323236333962356130366261363363623839353336383861656131663536663236646633383230
35623530356339626262646433636335386231313566333735313133333562663336303334393830
64646366656461353139326237386335373062643164386338363830376564376233616265646163
38653761353236613365646665346365336165333735333561326334623965336239336337656330
33346535333662656335633036396163303463393961656434613039393538396432633962313132
64643239323234303530626333336661316631306134363133623437386162646232383630663563
32336664333835363334376235363832316561616465316464376362313162643862653362306431
64313766313936326230646461373862626639383363363338393935663430386438373933636238
33363538303365353863313635613065613364656264356135313135306137646532653666316239
64383034643131373964303864333533393632323362333866643532663962323630653861383938
37366530306463373733666336613838636262306237383864633633363631313939313361333331
66663139616262613731636663613661393437306138613833383237643138353336366631646532
61636435663136656365626539653834613865653832646139376265323237386130343735663965
63663230303063663332326262633638353833373236373166326631366638323964306637353033
65343761323764366230306437646466336334316264373063656436326533616562616335626530
33666466633263396661613737623832306530376534356461396161613938303735363239313761
33656231376366336439623365363663656135626539663064363132366431333765643934643866
38613130323834303066306136306138303330353238316639386264663761313530353562623362
34336564373563653066633761656335373939663330333438336138616337663837336164393539
66376430326437623132396239376661383733353738303962623065623136643637396266316139
36376266643764306237373639666263313162323232333730353937626332363366663634333733
62616166323932346438353466363339306162666333336238626163636565626230633437396632
38333463633535633633363535636231363231393261663331663262666336363164336339616430
61383363316661653835356536643432366366303838393333343637373338373564376566313236
39633464393939663730636634313231626565613961336161636662313139653262663432323635
61373832333638396363383265653665613633306166623566653561613139373861333330353232
65376663366531346430326362383737383363393766326538643961336366653036373638643731
66653030346239373933303236623165663531653139326433326231346337346561353434643135
34316662326664393139313464353465653565626363616534373931323838373862613663313162
38636135653334333339326631656162353137653466616363633264363434326133653038303464
30333765653639663666616630613733613633646230633130366639666261333135346665383732
32326539356633396239366436396431383663343163366134626634313838663365373065376561
35346330623731356432313038383464626337333139373132613330353862383765346334633164
36633965616138323832613034306264393337323633626537346166616239626262313866396339
33633863376633656138346335306239343734376263376164363637373664356535393264373835
63646433633163336266343339333466393639613864633833633536303164653963313661316662
62313436613164353062316535373630653465643237353663643634366463666664633161353239
30363938663861306666353364366563376263616238383035343535373032376137343034366631
38346531343133313735336338633237346131656138373736343038613334323330636339396465
31633038353938356433376131383634346439656336626561326530663365323464656531396261
63323134383330626664323132313730396663316331623661656465653161303762356331303436
64626638376333333830356430656161653631363132663030316239306231623662623235656637
66383463663939646166666165313030333332323532653731333239313733316637663733373434
65333336643538663138633139646564396463393366653932306537383564343161643062343730
65656236306363623633343232636331636336356634313937656664383430336438313636666435
32386630376139616363353136343066636133333434303865376430373237316338623865346163
33353032633734343166303964313064366238336530623135303936616365343261306166386165
31303939333136383765653738633361303234343231386434346135656461613066623632326237
39663230316566353332643462383430363639313661356539306466616533346161303535333330
30313466626437393536356131306437636534373265626265323765386336386438613466653233
64646265663561373035313039353134343434623862316231613436323964626634626634383730
66316433633437643730383461656262393230333635316262303836626238633830323739303661
38366266306365323038326664353230363130643566653133333834303438636233323733373932
36646463633332373131346561373330666336663638313734346533373638346462363233373664
37643532356137313633646135306332363135653032323961653032313338373363303965353366
30343635373231343430646166376231633633636362333766366539626566366132653761626334
36313736366565333666616165613666656534663434393861333539373732353163646663626132
64663765656563313763623035316561303332303239333531646637623562346461656661316366
31333338343864316464623338323936313165613066623439383535323362616462303832616564
37373233366534653536393463316537386132306461656538656435636433333931336234313962
33393739623966653931666338656433383037393837313736363863356136623039613063623961
61613637656136323330613531306237303061396133363034653461336665663236363130396161
34386662343234343535616133356635666536663534353637383433333965393335303531373161
37363336333634366135323563623034653631356562303163393437393239363439396438336532
37616530336631363237663561616239353639313632363236356534393166383665633231613766
62313038646230323036313236323063333139323432613638393465396166616533336566663535
35356434303163656264383765393963306336373231356236623737383032623034336431386563
61356564313766306665366661326563646230316161656565326565386537383633663366306432
62336232323664643230336238623631316635306634646432623239393230353666383337343633
38633565363063346136633265363537633864643934353364316461343665386233333635326261
39356539666235386561346531313061623864366562383235353434666339343334333536386662
61333161663964633264353063643061623230383765356333643235663964643364303734303663
65333035623639626631396661336137636439323461643531633938313238333762396363616633
64363531366239363265646566633365333635353634333861616537326339363131343831393465
35346534636263666162643838613739613938623230653035343762613432313832343761303635
30643639663838626634636533616264326437306562363337623262393438653732366439373562
32363161343235323332616361333936313565386462346239643366623261656435373932616235
32346136656262326130373731376562316139356566333431376430373962343161663165636464
39366237386635623366396135396332346566373135396631643164303230613331613766653465
31366539343262383138386164613263326431346636623339303261366332626464663866363165
39373039333963626632646438303830316635623637373530313964653864333330623864616464
38663437363334386432363661393539616231633561636334333739373132333634623039386362
62306336613435373238383732636231633066376335666432323636306630626130353563653736
37303734396336616134616165313032343132346263366564393733336433396332363561303666
63663535373266656163623330383764356434373135366661656536316231386435326366356163
33396163343832333465313730336636346137653737623762343664313237326339633432353236
61393836306130336164633331366438373234343135396637663038346332376266636164663061
34653262366237366432316261383362303461333335633062386630323836663738366366623132
39646530396464383365373861613632376339643431353566336664346361383233653036646631
61306631626333653935383930313965346466633030353136363530616636633531303635383231
38663563393332346263303035383664653263616365363466326335636631373764626536343063
32373566326239666233336263393063656438393930366664306530333137636265383432313562
66626537323962663463343261333264313638346134393962623966343930326536633030336166
61356331316665366566313863363331316232623337313634623133303265323631303561623336
35643364396133363664393932353862653536323036356563366165663434303066656264373831
32306637643639363835383463396631633665333139326639613631616632663339336162616364
32396631643838666131323431323463636265386439306132643033666338333039346634643166
66666266386337343136663635303764376465333934636164656135363135306263643035303336
31393432366162383261316265373633313163613963343633626630343966333535643162653461
37656137643462626332333438333165663234663739323765626562666465646536333235633065
61323362613265623935666563336661613838616230363331643861336165613064633364643533
37353663623061613064343934353037626465306365646663353035323031363565653230366261
32653133656236626162363037653437623164316132316332333532393333303031373363353566
32363932386361663737326530663733383137656164646430643364633039653232623164326137
66656537333133336339393638623138373632386364386165396336383763396233396239353939
66376630623938386130343461336465343931653738313535396234616437303435643733363261
62356538626665386631316233646431366533376336373265303662653762386361323364336462
32643933396337326336363931363134633564333861663432623434316439386164666463353437
30366163633133376537373662306238383339393230313437623232386431336235626666623065
35666130643730376364386666343438366537643066343361383864633931643638633362626333
39663965346261616164303165336432356333333862613966353637363335346639323231303839
31373039313466396365393733646638306531326563663432623765366331306466383562623666
66666364623634623732316639666164346633316137333265363133333634616334626563343531
64643834373030323664313263656630373238373163333635643765366130356466316462306135
64643730383532613665313964623832373232333361346266356365636333643064356239333466
37613066313030653437613932376162663437613064343831356264653738616630393736343433
66396638663965316639663966323764393536356336373461623638663630383966313639613735
35356335363535646661353662373737343434653036333065373738316466643338663561633762
36623965306539373932376238636465623232393162666538313031653931623235303437613238
35613031633936613164666365353134626130316465656537343734383466656433323565386135
64623064643462356264306661363133623136623030343332623136653033663430346166393032
34663633323033663932326230313932373062353139313236333037666434663635656463333436
39343334333230633735656265326264633236386161336563653566366539383165643531383866
34373863303663346435356333373336666634346565323735356236616631313939376634643836
35373733373365626535616238656437326663393632366262646366653232336661383838306130
66633461383564393832386638653736323239383538366332336230316166323235386566623139
62306437353161316363656335323464353162363931383365336333636630353939393634633438
35303165306364336430373030616231663865356634663665393065383032643037623038313463
32653562303361303166313866313665333931303337343563306132643831336131396635333064
36656331383764326438653766633437623762353037656366653339373930303031383733313236
62363134366537626231316132333938333566383963666162393036643333666135306639366438
35663264393432653061633739623139383135613334623235336165373537333631306433623739
33383231346636346633616464303331666238313633656264613330613734383665376135336239
37353964393636646138626465313538663431393161396137306630373865616630616162313933
33366332383835333762323966303062363734633739323136333139396366643434343732323035
63616566366132363165616337323364323931623934396531646131336634623661343965376639
36306366646539363962303938613234316536646563613265653434343465373566656336306139
31313039336461613963393435633564653736363463333731303735393565303838336438333264
32343634333533323361333962393961636634323963343864623861336363326436313332343865
30396435303030626633386136633862666532626266343963363036313065383839653961653561
37396631383561393633636161636530666437616233393939616665336638383238336331633337
65316361376463363130343237653863333364666663393163373865376266333336626432613130
66643366653965636361373561643830333665333261613661373036613566643037633733316331
34656138633139313633343636343465323865613236333262616532353836626165656262343333
61663236633961393539393936366363626630646262663861373931393365663036626336306539
34613033646235363264646330363766626134326538393337333766613334333930626663383466
36366666643633656234303338366533373161633862643464656162363664343536303135363064
61356632633066356336663562306438353966303462323663313536316532313336616163303766
37653334363963633764383261306166646264303035346131303035343337323139376135316634
66626532613431366139633235623964636133656234366131353337616438623834636633373066
32666434616235386230393630663634393339313236653030393734383937356430666430343737
36313761633862303663363934366663633561323039626166623736613466663765313130643437
32393434343934393632313363636463303261316563313339646333323663306262383063613862
35333737376136323930313339356536323564373761353431326336636336636632373930376138
37376135633862303830313832643431326631396137613138306338373538643464663632326337
35336466643032306565316564366264626161336366326262643438616565303434616563356233
61653366633831363230383036643339653337646165623062646334626236376235646531363161
30663631306339346339636462633834366237633764356439636430386338616138626434633065
65653534316237636261633065383066393765326333333232363432353434393863316364636566
37663563383934623736353364666535393261623630386662353865313434323038373935366136
31363762613035323063636164346562626337653235363738383165323266313033343436353465
63323738316562376339376436636265663936396536393463636563613037613662363562393561
38323231396434633839393766363333396164343936613636386564306465326430636131356662
35643762353838656133383131333161366266303830353531303139316636393265636365373032
32646436316363646532316234633533303935653935383966373362636536343936646265353739
65616534313661663230343462376162326566343934643630666533626437313532386139613836
62393131613638646131306334383865303130633832323061623332643535666138363433616565
32616465643431363832623930663638323935323832343461653163636335336366353835356335
30363765306636623939613135356563303334656634386533643030313336353838383934386137
34633933623733353732646561373835636131376266343535633761313839306363663139376566
61663335653138363339343166373561326633643334323539383433333065663230633662313265
62373564373737363137643832646365633433623762613036346636336639323238363066633039
62383034376330613266666535643739313034336366653333666531313731616530336438323238
63376164333462336538666633643162323964356564383736663566316435336637636136343366
66306131333664343932353037366462313836363038326431363836663363636263316536333665
36353763303365616137623661633934616330636632393031653162663833333962623164353336
33633034653865363739663934363839663739333164636261343363323333626535643533393539
663663313332323932353138386366373336
