$ANSIBLE_VAULT;1.1;AES256
64653166336663353632336131636436386230633739613536386634393063386531626465303032
3232336562616639376132656535326239376334646132390a323965373638383363313435653132
61373330383138353234343334356232373634366534316430336536326464636130633164313362
3961656661306565330a316631333634316538373438643536326231626466336432346565336534
62323936333335366662313638626433303931353930336364366238353237363331326365626563
30653930336165386639353364393362346635613034333134633735373263356661353037373834
63333934316434356136306361646336623637666164336362633937366131616466626432643433
32303361616564353964303132396438303931303835383338666136633435313135373738626235
34353962383535333234623635313963386639393234656331373931623565636631316539343865
34343032363434316564646237633932376131633932383032323965623037653836653462333835
66656266346333316231383535653630303461633365363236333137623566623039613266376562
36346438313833343134663233326436323264303536316535633833363931353966333163383334
64346231316532303233636132353563633732666231373531343633346134303336633234393034
65376339393964623934313565376361326362636632366564616262323539356563623363386237
63373938333737343263363437613937646535663937336264663931313035323636313966393065
63396232636635333634313436383336386634383335356237373130656537666533646662626162
36383030346463363661656633383534663762623730623930336566343839316138646561613938
37613630333639613235303936626463346533383262663333326339313435656565653931363166
61326631303832643036376661613766663433656133326130353663306234636636333737333364
35653136383138666432376564666163353762336232333066323433323430613361383535343639
62623863316566343737306464343762306562373230613030386566343165303233623634666463
63643164353338373335383364383637316630343730663535613862643864626633663661343934
61626264383537306439663836306565373331396365373737373830623565313361393066356232
65316564333434376630373935363264313534393231323234383433653766633534353138613938
62336530653865663361363638663737623961616133633536663864333664646536323436663339
38303637363237343238323861633231653465313131363234656465386331306465616431343931
32383439396538303635363038376235313238633065333966386134323866316233626133623062
64613133396363643538656163303663333430306231313539613863313739393336396266383335
65303461383863366465323031386539343634393463353466353634346131373334646334633062
36396333333939383238323133613533393566643936343566323133653464303938666230353963
64613535313035383962366630636638633866656138616136663264303861666263373438613262
37313137653137616462623966663131653232336132333439353865326466333637373830363262
32666662323362386261363363383336663436343366623862326532356439636638343661656636
36646538653462336565643536396363326437366539623334306334306364346461326639613863
30383633376531353665343437346238616665386431663936383938643630626633613033376662
33363437646234616566346238636564356464656539616330653031613233626138646430613339
64333634383631373463306137623139646632356363663032306136356237613861353536613230
66636161656661323630366666613736626635383131383836383533393238363436313136613434
31616536663135636238626131363266653330636362663162396162656439303534636365313066
30343435633335393937303065326133663730386263336534303065346339353133633434303839
30313731343339383861396662633232303265663364396166313836383965633531633830343832
33343531656262323064313037363162356133393861323835333663356464386266323834316636
64353063623563326638333464313533396263353864346139333230316235333436643065643661
66353831333738393562303666363732656331643236643234643632326633623537303962363232
64643530336638613933646336613764363262653539333239653365303534653231636339323062
32666362653330343365356331366434656132633064333732313330336331366562653761666436
39626662376363323130643064373633346462623836663663613831343064653038666264346230
61326538353562613137383239666632646164396564363562333630343232316634633739646336
64393239663365333934383934373637396430636164623465366632303131303636333539333338
37383338313034363037633064626235623539393463643934306336343639636662336134373265
31396634376530646538383265653836336431303464666265616232613031383833663836363634
37653735623764333637646437356233366432383162623531386232616261633162663930313235
63643831653566383536306566656535646162333661666533333639323464646338383134386662
37383733323333323939353537663536333336323466643436303165303235373537663834613566
36366436313766663934323037313530303734646530386462353036653331306634626563336332
61343966656461333065636234383838363061343939626636623563336233396138343565313037
63346539363230303832653765633439393434653865316339613761333861326239333935323564
65363939383035303534663062303131383133333462393034383733366238623435386133656637
64626166313863633038366631623063303539393231363765393634623565646136323837366461
38356539373461666665326438396237313834313032353338633430306133623763316563383138
39666635393361376566323930626633626631306135366162643338613564623061663933333334
65356536363832633564666238303963376431653734646439653634393034646539653261383961
38626666366165623939323137356637353966343130663666616463373630376337333134663634
61313636376235613232316539353262313432313361343265323335313861386539326439333238
32666235323233386535366233366663656536653666653339323533663839323034613731653936
61303934343263373939376661623031633336393635663162336232393036343439363263366538
39666434303166656464653832313431323639643838393031643431633638336535323734383761
66316266373837663061353165333536383562383336643832306535643265363132313839346639
39356230306634643863653938376531393064303261323361633237656331616439626334363332
36343333373161663666376164306335653038343964336231373134346163653430613366653561
38636539313932353865663834376266343537623634636266303231333464343536643737663365
61326538343463306365303234333663323862646365613766653231363138366161633635303765
30623163623131353664626636306437323936396462373939343164643334653638363761376334
39656431626366656337336332353662656334343832326331626261333463303436623036636332
38633530333633306530383662306566313433306631613938383336323035326461353831663464
37303439626166323636386565306638363166663862646137343934636662643366336331393334
63383865373131393566616563623936313264323838393764653566353233616630656264643763
33326133616662363961633330303665313630373030623335613636386465333736373061613863
64616262343530616639363536333564306639353865393563386335646138303961313836613166
32653561666530363436323566666330643434376533386566653264336661383663643838383561
36663166646464653965336430343930633533623236306262623863383233653663343531383331
62636239663736653431656562313062323163316431663964313564633063643032313033663938
66633663366239623636613132383161353066666135343362383966323534326161663166633163
34613465366465333064383332633234636436333136626364386133333031306231636336643864
30326661393562323866323430636661343536643537323535396365323237336337633362366261
36363438303535626437626633393937653030666637356132323330386666396339623831623031
38323135353563666162333563316235616134313036626262306336613537373262666566663763
63386462353430646636376336333663353038386636613964313832306464623262386235383261
36363932626539353162343937633864633564613836643239376263653037626264643433666263
31306564383634386537323566613961643931663765396137303631323334666438363530363538
34363961623862653732303638653130616163343737616534333834323039386631656639653832
35303266623132646364643837346432643632326337343562346533306366326337653661353763
65316137353763313864306462386664636130633035333863663435323761386637373764353761
34323161363738383338343338623061363965343737653866303038326634326330313735303835
63316238343830363233613634633166336337333832343133636664396462386434623166663035
65653138623363656138366336336165373330646464313330653566336130393130656435366562
38643232653832313838376366633738633634346564613861313537656137623966663964316235
31616434626565336632316236396438373963616639386663643639376261333631636530343661
63373338633666613530633165626430303836383861366135343433303861306634656236303965
30343561386136623730613263393038383864623830346461373733313434646164373030646364
64346263343266386539353130323464656334346538653638616262313734616331383336376265
61306165653932313865613032643263636564316262306435656561316463653836633437396538
35633434353563366266653333643262656438356339393364666630323666636437613962353863
62643533363835316665323832323131336235623539346637643234376566386132643834383532
39616461663736626235333039336638316664656465653135376432316331316534616531356363
34373132656238346438366533333862633237633461303466626430303464663331366439363330
62303537376666646162386537643962313966363064656331653330393566633231346539323832
37376637666462396136393135653132646230666130316364353762333362316333636538376338
36326237313165383565366534303962383234333630316235663231373063653337323737353838
64663766336430313833643537316232363737333134303437636235353038393364363732653362
30303232366564636138626238373236346235396362626433306331356661336466346235333630
35313232366664643862383334656565646565343432373531613934386331633461303363613762
64623231323831346665396332633763633733393264316134336137393834386437663531336139
65306533653739383165323231656265646438336338373962386634356234373264613932316532
64363063306438326162353666323166373837353266343835316533623466393263656134643136
38643833376635653032323339386436343532323631323933313237343061623063343964353239
32643331633030336162613439373136353962356462316362623433613237633264326465363366
63343564323439366331633233386234306238653436623563653538346466363361343939313739
62383831636132366265383830383439656539383463373138366163623234383564633133636632
64323164383635346663646538386165366338643938343539373132356338613337316665643234
65393730313430616564356237383936303130633539346331653531353538323965323462656565
33626564626135633935303038666134346534336531393033393030663635356532666535613437
33326535343166303136333434643539623164316266313166616362373037353439636464396361
64346364626666366365633632336538376333366437356266356135346637623664363462636232
63313831653964663563316133353666656163383738303039383838313933303431646135316134
64626634386263633638313232643639356165386136333537303464373765613331386462353538
64303536393738383431343266663832376562393635343539353463356435323066616632306363
66336432306464336666303462386233333466646433633766396364363937633934656562306264
65343464623637646137303762666338396332346434353731626137663533303561653739656364
34623261616466643963353061346239633165346365393465613234373461633963363666313335
36663432656464333339366134393363326639393339663734356231623030303535326136393933
62663364353938363236393936646237626165636235633030643661353337643438633662326161
63663330653837663439663133383637633136326361623363633363356332333866373965346230
38326264323265363134363535646136613332306565316333346431653932623439363464343961
32396164306231316363353166383733613134323664363337613361306461623264663836623534
65623262316535306538623262323434623937383136643038653235613663333765393164356364
61656564633765616638323032623935303639336239383236393939323336636538316462366539
64623035613937613135636338643366373738663666386638663531386231323536353038316635
623334623635633131366262633832646366
